bubbleimg/imgdecompose/test/test_verification_data/SDSSJ0920+0034/spec_decomposed.ecsv
# %ECSV 0.9
# ---
# datatype:
# - {name: lcoord, unit: Angstrom, datatype: float32}
# - {name: spec, unit: erg / (Angstrom cm2 s), datatype: float32}
# - {name: specconti, unit: erg / (Angstrom cm2 s), datatype: float32}
# - {name: specline, unit: erg / (Angstrom cm2 s), datatype: float32}
lcoord spec specconti specline
[from data line 2556]
6471.43 1.69506e-17 1.63818e-17 0.0
6472.92 1.42912e-17 1.63818e-17 0.0
6474.41 8.60291e-18 1.63818e-17 0.0
6475.9 1.39295e-17 1.64076e-17 0.0
6477.39 1.80427e-17 1.63818e-17 0.0
6478.88 1.38269e-17 1.63562e-17 0.0
6480.37 1.66971e-17 1.63562e-17 0.0
6481.87 1.6809e-17 1.63818e-17 0.0
6483.36 1.03922e-17 1.63818e-17 0.0
6484.85 1.51299e-17 1.63562e-17 0.0
6486.34 2.37885e-17 1.63818e-17 0.0
6487.84 2.25796e-17 1.64076e-17 0.0
6489.33 1.92929e-17 1.64341e-17 0.0
6490.83 1.60892e-17 1.64341e-17 0.0
6492.32 1.45609e-17 1.6464e-17 0.0
6493.82 1.85594e-17 1.64914e-17 0.0
6495.31 1.8684e-17 1.64914e-17 0.0
6496.81 1.39737e-17 1.64914e-17 0.0
6498.3 1.33251e-17 1.64914e-17 0.0
6499.8 1.17914e-17 1.64956e-17 0.0
6501.3 1.12262e-17 1.64956e-17 0.0
6502.8 2.15409e-17 1.64956e-17 0.0
6504.29 2.00765e-17 1.65041e-17 0.0
6505.79 1.88293e-17 1.65353e-17 0.0
6507.29 1.45149e-17 1.65735e-17 0.0
6508.79 1.62616e-17 1.65735e-17 0.0
6510.29 2.18579e-17 1.65931e-17 0.0
6511.78 1.51463e-17 1.65931e-17 0.0
6513.29 1.62424e-17 1.66149e-17 0.0
6514.78 1.7452e-17 1.66149e-17 0.0
6516.28 1.88258e-17 1.65931e-17 0.0
6517.79 1.83295e-17 1.65735e-17 0.0
6519.28 1.69626e-17 1.65353e-17 0.0
6520.79 1.76044e-17 1.65041e-17 0.0
6522.29 1.09431e-17 1.64956e-17 0.0
6523.79 1.72488e-17 1.64956e-17 0.0
6525.29 1.79959e-17 1.65041e-17 0.0
6526.79 1.58342e-17 1.65353e-17 0.0
6528.3 1.97755e-17 1.65353e-17 0.0
6529.8 2.37352e-17 1.65735e-17 0.0
6531.31 1.92941e-17 1.65353e-17 0.0
6532.81 1.84744e-17 1.65735e-17 0.0
6534.32 1.57847e-17 1.65931e-17 0.0
6535.82 1.25869e-17 1.65931e-17 0.0
6537.32 1.25781e-17 1.65931e-17 0.0
6538.83 1.41588e-17 1.65931e-17 0.0
6540.33 1.5389e-17 1.65735e-17 0.0
6541.84 1.84631e-17 1.65931e-17 0.0
6543.35 1.49429e-17 1.65931e-17 0.0
6544.86 1.40319e-17 1.65931e-17 0.0
6546.36 1.85282e-17 1.65931e-17 0.0
6547.87 1.53709e-17 1.65931e-17 0.0
6549.38 1.23015e-17 1.65931e-17 0.0
6550.88 9.67756e-18 1.6614e-17 0.0
6552.39 1.64982e-17 1.6614e-17 0.0
6553.9 1.80624e-17 1.6614e-17 0.0
6555.41 9.97571e-18 1.6614e-17 0.0
6556.92 1.06739e-17 1.6614e-17 0.0
6558.43 1.09143e-17 1.66291e-17 0.0
6559.94 1.09433e-17 1.6614e-17 0.0
6561.45 1.9334e-17 1.6614e-17 0.0
6562.96 1.98789e-17 1.6614e-17 0.0
6564.47 1.19014e-17 1.66291e-17 0.0
6565.99 1.81004e-17 1.66593e-17 0.0
6567.5 1.54732e-17 1.66291e-17 0.0
6569.01 1.89671e-17 1.66593e-17 0.0
6570.52 1.88114e-17 1.66929e-17 0.0
6572.04 1.61163e-17 1.67437e-17 0.0
6573.55 1.61849e-17 1.67997e-17 0.0
6575.06 1.71745e-17 1.68156e-17 0.0
6576.58 1.76083e-17 1.67997e-17 0.0
6578.09 2.10562e-17 1.68156e-17 0.0
6579.61 1.59337e-17 1.6834e-17 0.0
6581.12 1.43087e-17 1.6834e-17 0.0
6582.64 2.02413e-17 1.6834e-17 0.0
6584.15 1.68458e-17 1.6834e-17 0.0
6585.67 1.51478e-17 1.6834e-17 0.0
6587.19 1.35303e-17 1.6834e-17 0.0
6588.7 1.3475e-17 1.68156e-17 0.0
6590.22 1.437e-17 1.67997e-17 0.0
6591.74 1.51896e-17 1.67997e-17 0.0
6593.26 1.6199e-17 1.67903e-17 0.0
6594.78 1.63851e-17 1.67437e-17 0.0
6596.29 1.47214e-17 1.67903e-17 0.0
6597.81 1.42467e-17 1.67437e-17 0.0
6599.33 1.64382e-17 1.67903e-17 0.0
6600.85 1.75057e-17 1.67997e-17 0.0
6602.37 1.40811e-17 1.6809e-17 0.0
6603.89 1.78116e-17 1.68156e-17 0.0
6605.41 1.86526e-17 1.68222e-17 0.0
6606.93 2.01225e-17 1.68156e-17 0.0
6608.46 2.3275e-17 1.68222e-17 0.0
6609.98 2.40498e-17 1.6834e-17 0.0
6611.5 2.06661e-17 1.68222e-17 0.0
6613.02 2.31357e-17 1.6834e-17 0.0
6614.54 2.01828e-17 1.68458e-17 0.0
6616.07 2.2782e-17 1.68462e-17 0.0
6617.59 2.34492e-17 1.68466e-17 0.0
6619.12 1.94409e-17 1.68559e-17 0.0
6620.64 2.29595e-17 1.68653e-17 0.0
6622.17 2.01218e-17 1.68715e-17 0.0
6623.69 1.77077e-17 1.68776e-17 0.0
6625.21 1.74737e-17 1.68715e-17 0.0
6626.74 1.82714e-17 1.68776e-17 0.0
6628.27 1.78059e-17 1.69141e-17 0.0
6629.79 1.55627e-17 1.68776e-17 0.0
6631.32 1.73472e-17 1.69141e-17 0.0
6632.85 1.7138e-17 1.69506e-17 0.0
6634.37 1.65864e-17 1.69141e-17 0.0
6635.9 1.88644e-17 1.69506e-17 0.0
6637.43 2.02798e-17 1.69566e-17 0.0
6638.96 1.54506e-17 1.69626e-17 0.0
6640.49 1.80574e-17 1.69566e-17 0.0
6642.02 1.48997e-17 1.69506e-17 0.0
6643.55 1.42514e-17 1.69566e-17 0.0
6645.08 1.58602e-17 1.69626e-17 0.0
6646.61 1.68776e-17 1.69566e-17 0.0
6648.14 1.95062e-17 1.69626e-17 0.0
6649.67 2.0257e-17 1.69789e-17 0.0
6651.2 1.84885e-17 1.69952e-17 0.0
6652.73 1.67903e-17 1.69789e-17 0.0
6654.27 1.80913e-17 1.69952e-17 0.0
6655.8 1.92956e-17 1.69978e-17 0.0
6657.33 1.51062e-17 1.69952e-17 0.0
6658.86 1.60144e-17 1.69978e-17 0.0
6660.39 1.48356e-17 1.70005e-17 0.0
6661.93 1.55537e-17 1.69978e-17 0.0
6663.46 1.663e-17 1.69952e-17 0.0
6665.0 1.70239e-17 1.69978e-17 0.0
6666.53 1.90077e-17 1.69952e-17 0.0
6668.07 1.64898e-17 1.69789e-17 0.0
6669.6 2.69631e-17 1.69952e-17 0.0
6671.14 2.22302e-17 1.70005e-17 0.0
6672.68 1.643e-17 1.70005e-17 0.0
6674.21 2.11574e-17 1.70005e-17 0.0
6675.75 1.66887e-17 1.70239e-17 0.0
6677.29 1.83758e-17 1.70239e-17 0.0
6678.83 1.55591e-17 1.70239e-17 0.0
6680.36 1.68222e-17 1.7138e-17 0.0
6681.9 1.58653e-17 1.71745e-17 0.0
6683.44 1.20778e-17 1.7138e-17 0.0
6684.98 1.84411e-17 1.7138e-17 0.0
6686.52 2.01184e-17 1.71745e-17 0.0
6688.06 1.57929e-17 1.71745e-17 0.0
6689.6 1.74214e-17 1.71562e-17 0.0
6691.14 1.95869e-17 1.71745e-17 0.0
6692.68 1.89522e-17 1.71996e-17 0.0
6694.22 2.26228e-17 1.71745e-17 0.0
6695.76 1.783e-17 1.71562e-17 0.0
6697.31 1.83104e-17 1.71745e-17 0.0
6698.85 1.59302e-17 1.71996e-17 0.0
6700.39 1.54276e-17 1.72248e-17 0.0
6701.93 1.82019e-17 1.72252e-17 0.0
6703.47 1.43432e-17 1.72255e-17 0.0
6705.02 1.57912e-17 1.72372e-17 0.0
6706.56 2.09501e-17 1.72255e-17 0.0
6708.11 1.81086e-17 1.72372e-17 0.0
6709.65 1.3833e-17 1.72488e-17 0.0
6711.2 1.55362e-17 1.72603e-17 0.0
6712.74 1.86166e-17 1.72718e-17 0.0
6714.29 2.27316e-17 1.72819e-17 0.0
6715.84 1.65999e-17 1.72718e-17 0.0
6717.38 1.3061e-17 1.72603e-17 0.0
6718.93 1.72255e-17 1.72488e-17 0.0
6720.48 2.04077e-17 1.72603e-17 0.0
6722.02 1.37214e-17 1.72718e-17 0.0
6723.57 1.29698e-17 1.72603e-17 0.0
6725.12 1.34786e-17 1.72488e-17 0.0
6726.67 1.72921e-17 1.72603e-17 0.0
6728.22 1.94199e-17 1.72718e-17 0.0
6729.77 1.72718e-17 1.72819e-17 0.0
6731.32 1.70005e-17 1.72921e-17 0.0
6732.87 1.91952e-17 1.72819e-17 0.0
6734.42 1.94072e-17 1.72718e-17 0.0
6735.97 1.94783e-17 1.72603e-17 0.0
6737.52 1.75807e-17 1.72718e-17 0.0
6739.07 1.57961e-17 1.72819e-17 0.0
6740.62 1.97095e-17 1.72718e-17 0.0
6742.17 1.78582e-17 1.72819e-17 0.0
6743.73 1.50694e-17 1.72921e-17 0.0
6745.28 1.25316e-17 1.72819e-17 0.0
6746.83 1.30396e-17 1.72718e-17 0.0
6748.39 1.56114e-17 1.72603e-17 0.0
6749.94 1.51341e-17 1.72718e-17 0.0
6751.5 1.64733e-17 1.72603e-17 0.0
6753.05 1.81315e-17 1.72718e-17 0.0
6754.61 1.74599e-17 1.72819e-17 0.0
6756.16 1.8453e-17 1.72718e-17 0.0
6757.72 1.96777e-17 1.72819e-17 0.0
6759.27 1.47815e-17 1.72718e-17 0.0
6760.83 1.84459e-17 1.72487e-17 0.0
6762.39 1.78543e-17 1.72255e-17 0.0
6763.94 1.9231e-17 1.72252e-17 0.0
6765.5 2.03648e-17 1.72255e-17 0.0
6767.06 1.77559e-17 1.72487e-17 0.0
6768.62 1.6328e-17 1.72718e-17 0.0
6770.18 1.81801e-17 1.72819e-17 0.0
6771.73 1.47807e-17 1.72921e-17 0.0
6773.3 1.72248e-17 1.72819e-17 0.0
6774.85 1.93318e-17 1.72921e-17 0.0
6776.42 1.58037e-17 1.73196e-17 0.0
6777.98 1.66281e-17 1.72921e-17 0.0
6779.53 2.02418e-17 1.73196e-17 0.0
6781.1 1.58547e-17 1.73472e-17 0.0
6782.66 1.55056e-17 1.73533e-17 0.0
6784.22 1.57658e-17 1.73593e-17 0.0
6785.78 1.42458e-17 1.73533e-17 0.0
6787.35 1.8026e-17 1.73593e-17 0.0
6788.91 1.25523e-17 1.73904e-17 0.0
6790.47 2.08718e-17 1.74214e-17 0.0
6792.04 2.34466e-17 1.74407e-17 0.0
6793.6 2.13921e-17 1.74214e-17 0.0
6795.17 2.08666e-17 1.73904e-17 0.0
6796.73 1.63025e-17 1.74214e-17 0.0
6798.3 1.85779e-17 1.73904e-17 0.0
6799.86 1.78952e-17 1.74214e-17 0.0
6801.43 1.69952e-17 1.73904e-17 0.0
6802.99 1.91486e-17 1.73593e-17 0.0
6804.56 2.04256e-17 1.73904e-17 0.0
6806.13 1.60347e-17 1.74214e-17 0.0
6807.69 1.96869e-17 1.74407e-17 0.0
6809.26 1.75795e-17 1.74214e-17 0.0
6810.83 1.48584e-17 1.73904e-17 0.0
6812.4 1.59756e-17 1.74214e-17 0.0
6813.97 1.76635e-17 1.74407e-17 0.0
6815.53 1.50152e-17 1.74214e-17 0.0
6817.11 1.58845e-17 1.74407e-17 0.0
6818.67 1.48952e-17 1.74599e-17 0.0
6820.25 1.40209e-17 1.74668e-17 0.0
6821.82 1.73593e-17 1.74737e-17 0.0
6823.39 2.08582e-17 1.74897e-17 3.36846e-18
6824.96 1.57659e-17 1.75057e-17 -1.73983e-18
6826.53 1.4074e-17 1.75426e-17 -3.4686e-18
6828.1 1.64272e-17 1.75795e-17 -1.15228e-18
6829.67 1.66349e-17 1.75801e-17 -9.4518e-19
6831.25 1.63014e-17 1.75807e-17 -1.2793e-18
6832.82 1.81257e-17 1.76221e-17 5.03617e-19
6834.4 1.81234e-17 1.76635e-17 4.59975e-19
6835.97 1.17773e-17 1.76856e-17 -5.90833e-18
6837.54 1.48897e-17 1.76635e-17 -2.77374e-18
6839.12 1.6699e-17 1.76221e-17 -9.23143e-19
6840.69 1.7029e-17 1.75807e-17 -5.51708e-19
6842.27 1.98284e-17 1.75801e-17 2.24834e-18
6843.84 2.08184e-17 1.75795e-17 3.23894e-18
6845.42 1.69154e-17 1.75266e-17 -6.11157e-19
6846.99 1.6874e-17 1.74737e-17 -5.99684e-19
6848.57 2.02307e-17 1.74668e-17 2.76393e-18
6850.15 2.01234e-17 1.74599e-17 2.66342e-18
6851.73 2.18908e-17 1.74407e-17 4.45011e-18
6853.31 3.58069e-17 1.74214e-17 1.83856e-17
6854.88 3.14811e-17 1.73904e-17 1.40908e-17
6856.46 4.54532e-17 1.73593e-17 2.80938e-17
6858.04 5.2512e-17 1.73533e-17 3.51587e-17
6859.62 4.81167e-17 1.73472e-17 3.07695e-17
6861.2 4.52537e-17 1.73196e-17 2.79341e-17
6862.78 4.6339e-17 1.72921e-17 2.9047e-17
6864.36 3.86418e-17 1.73196e-17 2.13222e-17
6865.94 3.29342e-17 1.72921e-17 1.56422e-17
6867.52 3.29818e-17 1.73257e-17 1.56561e-17
6869.1 3.39401e-17 1.73257e-17 1.66144e-17
6870.68 2.97925e-17 1.72819e-17 1.25105e-17
6872.27 2.17558e-17 1.72487e-17 4.50718e-18
6873.85 2.1455e-17 1.72819e-17 4.17307e-18
6875.43 1.91302e-17 1.72487e-17 1.88157e-18
6877.01 1.66312e-17 1.72487e-17 -6.17447e-19
6878.6 1.7516e-17 1.72487e-17 2.67351e-19
6880.18 1.7843e-17 1.72487e-17 5.94324e-19
6881.77 1.23212e-17 1.72819e-17 -4.96073e-18
6883.35 1.71984e-17 1.72819e-17 -8.35155e-20
6884.94 1.64151e-17 1.72819e-17 -8.66806e-19
6886.52 1.88454e-17 1.72487e-17 1.59671e-18
6888.11 1.8528e-17 1.72487e-17 1.27937e-18
6889.7 1.24743e-17 1.72252e-17 -4.75083e-18
6891.28 1.41134e-17 1.71619e-17 -3.04847e-18
6892.87 1.89298e-17 1.71619e-17 1.76791e-18
6894.46 1.95083e-17 1.72252e-17 2.28313e-18
6896.04 1.99181e-17 1.72252e-17 2.6929e-18
6897.63 1.95758e-17 1.72252e-17 2.35063e-18
6899.22 1.80005e-17 1.72252e-17 7.75356e-19
6900.81 1.78914e-17 1.72252e-17 6.66238e-19
6902.4 1.4377e-17 1.72252e-17 -2.84815e-18
6903.99 1.96046e-17 1.72487e-17 0.0
6905.58 1.85901e-17 1.72487e-17 0.0
6907.17 1.61823e-17 1.72487e-17 0.0
6908.76 1.80299e-17 1.72819e-17 0.0
6910.35 1.61151e-17 1.72487e-17 0.0
6911.94 2.17024e-17 1.72487e-17 0.0
6913.53 1.93107e-17 1.72252e-17 0.0
6915.12 1.77333e-17 1.72252e-17 0.0
6916.72 1.7099e-17 1.72487e-17 0.0
6918.31 1.58626e-17 1.72487e-17 0.0
6919.9 1.86631e-17 1.72819e-17 0.0
6921.5 1.87791e-17 1.72819e-17 0.0
6923.09 2.17112e-17 1.72487e-17 4.46254e-18
6924.68 2.14953e-17 1.72819e-17 4.21343e-18
6926.28 2.06673e-17 1.72487e-17 3.41869e-18
6927.87 2.13581e-17 1.72252e-17 4.13296e-18
6929.47 1.89084e-17 1.72252e-17 1.6832e-18
6931.07 1.86197e-17 1.71665e-17 1.45321e-18
6932.66 2.01912e-17 1.71665e-17 3.02466e-18
6934.26 1.79969e-17 1.71036e-17 8.93256e-19
6935.85 1.83814e-17 1.71036e-17 1.27775e-18
6937.45 2.09527e-17 1.71665e-17 3.78621e-18
6939.05 1.46386e-17 1.71036e-17 -2.46502e-18
6940.65 1.62658e-17 1.71036e-17 -8.37823e-19
6942.25 1.39846e-17 1.71036e-17 -3.11903e-18
6943.84 1.37152e-17 1.71036e-17 -3.38838e-18
6945.44 1.59427e-17 1.71036e-17 -1.16097e-18
6947.04 1.58676e-17 1.71358e-17 -1.26826e-18
6948.64 1.29193e-17 1.71941e-17 -4.27479e-18
6950.24 1.49194e-17 1.71358e-17 -2.21648e-18
6951.84 1.4791e-17 1.71358e-17 -2.34486e-18
6953.45 1.50061e-17 1.71941e-17 -2.18801e-18
6955.04 1.80029e-17 1.71941e-17 8.08758e-19
6956.65 1.98825e-17 1.71358e-17 2.74664e-18
6958.25 1.67665e-17 1.71036e-17 -3.37159e-19
6959.85 2.28607e-17 1.71036e-17 5.75712e-18
6961.45 1.85677e-17 1.71036e-17 1.46412e-18
6963.06 1.87583e-17 1.71036e-17 1.65466e-18
6964.66 1.96222e-17 1.70497e-17 2.57242e-18
6966.26 1.56737e-17 1.69978e-17 -1.32414e-18
6967.87 1.71139e-17 1.69978e-17 1.16052e-19
6969.47 1.76934e-17 1.69893e-17 7.04058e-19
6971.08 1.5367e-17 1.69893e-17 -1.62235e-18
6972.68 1.4651e-17 1.69087e-17 -2.25769e-18
6974.29 1.55923e-17 1.6835e-17 -1.24272e-18
6975.9 1.69068e-17 1.6813e-17 9.38271e-20
6977.5 1.95768e-17 1.6813e-17 2.76384e-18
6979.11 2.19479e-17 1.6813e-17 5.13495e-18
6980.72 2.10642e-17 1.67644e-17 4.29987e-18
6982.33 1.72101e-17 1.6813e-17 3.97105e-19
6983.93 1.83793e-17 1.6835e-17 1.54429e-18
6985.54 2.36526e-17 1.6835e-17 6.81762e-18
6987.15 2.31195e-17 1.69098e-17 6.20961e-18
6988.76 3.48552e-17 1.69098e-17 1.79453e-17
6990.37 4.81137e-17 1.69098e-17 3.12039e-17
6991.98 7.27227e-17 1.69098e-17 5.58128e-17
6993.59 1.05419e-16 1.69098e-17 8.85092e-17
6995.2 1.26844e-16 1.69098e-17 1.09934e-16
6996.81 1.22841e-16 1.6835e-17 1.06006e-16
6998.42 1.18468e-16 1.6835e-17 1.01633e-16
7000.03 1.0366e-16 1.6835e-17 8.68247e-17
7001.64 9.98169e-17 1.6813e-17 8.30039e-17
7003.26 1.0016e-16 1.67644e-17 8.33952e-17
7004.87 8.89364e-17 1.67349e-17 7.22016e-17
7006.48 7.23939e-17 1.67349e-17 5.56591e-17
7008.09 6.70842e-17 1.67349e-17 5.03493e-17
7009.71 5.65712e-17 1.67282e-17 3.9843e-17
7011.32 4.52998e-17 1.67282e-17 2.85716e-17
7012.94 3.67706e-17 1.6677e-17 2.00936e-17
7014.55 2.91385e-17 1.6677e-17 1.24616e-17
7016.17 2.13451e-17 1.67282e-17 4.61687e-18
7017.78 1.94889e-17 1.67349e-17 2.75409e-18
7019.4 2.00166e-17 1.67282e-17 3.2884e-18
7021.02 2.04185e-17 1.67282e-17 3.69031e-18
7022.63 2.04878e-17 1.67331e-17 3.75478e-18
7024.25 1.7642e-17 1.67349e-17 9.07109e-19
7025.87 1.1613e-17 1.67366e-17 -5.1236e-18
7027.49 2.00237e-17 1.67349e-17 3.2888e-18
7029.1 1.47136e-17 1.67366e-17 -2.02303e-18
7030.72 1.72064e-17 1.67349e-17 4.71561e-19
7032.34 2.09792e-17 1.67331e-17 4.24613e-18
7033.96 1.7274e-17 1.67282e-17 5.45847e-19
7035.58 1.97335e-17 1.67233e-17 3.01015e-18
7037.2 1.4578e-17 1.67282e-17 -2.15015e-18
7038.82 1.83819e-17 1.67233e-17 1.6586e-18
7040.44 1.92385e-17 1.6677e-17 2.56154e-18
7042.07 1.77854e-17 1.66306e-17 1.15473e-18
7043.69 1.9335e-17 1.66134e-17 2.72157e-18
7045.31 2.04328e-17 1.65962e-17 3.83657e-18
7046.93 2.30231e-17 1.66134e-17 6.40969e-18
7048.55 2.55808e-17 1.65962e-17 8.98459e-18
7050.18 2.54253e-17 1.65834e-17 8.84192e-18
7051.8 2.5763e-17 1.65962e-17 9.16682e-18
7053.43 2.96187e-17 1.66134e-17 1.30053e-17
7055.05 3.98042e-17 1.65962e-17 2.3208e-17
7056.67 7.26135e-17 1.66134e-17 5.6e-17
7058.3 1.17915e-16 1.66306e-17 1.01285e-16
7059.92 2.03515e-16 1.6677e-17 1.86838e-16
7061.55 2.9909e-16 1.67233e-17 2.82367e-16
7063.18 3.44782e-16 1.6677e-17 3.28105e-16
7064.8 3.20607e-16 1.6677e-17 3.0393e-16
7066.43 2.88331e-16 1.6677e-17 2.71654e-16
7068.05 2.7012e-16 1.6677e-17 2.53443e-16
7069.68 2.73157e-16 1.6677e-17 2.5648e-16
7071.31 2.57732e-16 1.6677e-17 2.41055e-16
7072.94 2.13043e-16 1.6677e-17 1.96366e-16
7074.57 1.881e-16 1.6677e-17 1.71423e-16
7076.2 1.64192e-16 1.6677e-17 1.47515e-16
7077.83 1.23169e-16 1.6677e-17 1.06492e-16
7079.46 8.23317e-17 1.6677e-17 6.56547e-17
7081.09 5.49969e-17 1.6677e-17 3.83199e-17
7082.72 3.9698e-17 1.6677e-17 2.30211e-17
7084.35 2.89513e-17 1.6677e-17 1.22743e-17
7085.98 2.82947e-17 1.6677e-17 1.16177e-17
7087.61 2.53841e-17 1.6677e-17 8.70716e-18
7089.25 2.04358e-17 1.6677e-17 3.75882e-18
7090.88 1.74751e-17 1.6677e-17 7.98102e-19
7092.51 1.73345e-17 1.6677e-17 6.57554e-19
7094.14 1.67815e-17 1.6677e-17 1.04504e-19
7095.78 1.53831e-17 1.6677e-17 -1.29389e-18
7097.41 1.64915e-17 1.6677e-17 -1.85479e-19
7099.05 1.68866e-17 1.67233e-17 1.63237e-19
7100.68 1.63923e-17 1.67282e-17 -3.35849e-19
7102.31 1.58225e-17 1.67233e-17 -9.00843e-19
7103.95 1.54348e-17 1.6677e-17 -1.2422e-18
7105.59 2.00404e-17 1.66306e-17 3.40977e-18
7107.23 1.50351e-17 1.6677e-17 -1.64193e-18
7108.86 1.57249e-17 1.66306e-17 0.0
7110.5 1.69835e-17 1.66134e-17 0.0
