bubbleimg/imgdecompose/test/test_verification_data/SDSSJ0920+0034/spec_decomposed.ecsv
# %ECSV 0.9
# ---
# datatype:
# - {name: lcoord, unit: Angstrom, datatype: float32}
# - {name: spec, unit: erg / (Angstrom cm2 s), datatype: float32}
# - {name: specconti, unit: erg / (Angstrom cm2 s), datatype: float32}
# - {name: specline, unit: erg / (Angstrom cm2 s), datatype: float32}
lcoord spec specconti specline
[from data line 1311]
4858.48 8.86173e-18 8.47912e-18 3.82607e-19
4859.59 1.08094e-17 8.46649e-18 2.34293e-18
4860.71 1.42771e-17 8.45386e-18 5.82326e-18
4861.83 1.07412e-17 8.45073e-18 2.29049e-18
4862.95 1.06316e-17 8.44761e-18 2.18397e-18
4864.07 1.33313e-17 8.41258e-18 4.91869e-18
4865.19 1.05663e-17 8.37755e-18 2.18877e-18
4866.31 1.30037e-17 8.41258e-18 4.59113e-18
4867.43 1.07012e-17 8.37755e-18 2.32369e-18
4868.56 9.51327e-18 8.37538e-18 1.1379e-18
4869.68 7.85764e-18 8.37755e-18 -5.19909e-19
4870.8 6.705e-18 8.41258e-18 -1.70758e-18
4871.92 8.92187e-18 8.44761e-18 4.74264e-19
4873.04 9.29017e-18 8.45073e-18 8.39439e-19
4874.16 1.12842e-17 8.44761e-18 2.83664e-18
4875.28 7.70238e-18 8.45073e-18 -7.48349e-19
4876.41 5.10378e-18 8.44761e-18 -3.34383e-18
4877.53 6.94818e-18 8.41258e-18 0.0
4878.65 9.58831e-18 8.44761e-18 0.0
4879.78 1.17589e-17 8.45073e-18 0.0
4880.9 8.91662e-18 8.45386e-18 0.0
4882.03 4.67162e-18 8.45073e-18 0.0
4883.15 5.19225e-18 8.44761e-18 0.0
4884.27 8.88154e-18 8.41258e-18 0.0
4885.4 8.08553e-18 8.37755e-18 0.0
4886.52 2.50316e-18 8.37538e-18 0.0
4887.65 7.66631e-18 8.37321e-18 0.0
4888.77 1.05136e-17 8.37538e-18 0.0
4889.9 7.22217e-18 8.37755e-18 0.0
4891.03 6.46438e-18 8.37538e-18 0.0
4892.15 1.13876e-17 8.37321e-18 0.0
4893.28 4.66642e-18 8.37538e-18 0.0
4894.4 6.49375e-18 8.37321e-18 0.0
4895.53 6.69165e-18 8.37075e-18 0.0
4896.66 9.85813e-18 8.3683e-18 0.0
4897.79 1.22427e-17 8.36473e-18 0.0
4898.92 6.8712e-18 8.3683e-18 0.0
4900.05 9.34717e-18 8.36473e-18 0.0
4901.17 6.51882e-18 8.36117e-18 0.0
4902.3 1.19775e-17 8.36473e-18 0.0
4903.43 1.19939e-17 8.36117e-18 0.0
4904.56 5.5898e-18 8.33385e-18 0.0
4905.69 7.19125e-18 8.36117e-18 0.0
4906.82 1.07461e-17 8.36473e-18 0.0
4907.95 8.2572e-18 8.3683e-18 0.0
4909.08 9.0596e-18 8.36473e-18 0.0
4910.21 7.55819e-18 8.36117e-18 0.0
4911.34 3.66143e-18 8.36473e-18 0.0
4912.47 4.89652e-18 8.3683e-18 0.0
4913.6 8.04337e-18 8.37075e-18 0.0
4914.73 6.3088e-18 8.3683e-18 0.0
4915.87 6.19676e-18 8.37075e-18 0.0
4917.0 4.11022e-18 8.3683e-18 0.0
4918.13 1.60101e-18 8.36473e-18 0.0
4919.26 3.91663e-18 8.36117e-18 0.0
4920.39 4.39106e-18 8.33385e-18 0.0
4921.53 5.10018e-18 8.36117e-18 0.0
4922.66 7.84534e-18 8.36473e-18 0.0
4923.8 1.06587e-17 8.3683e-18 0.0
4924.93 1.08371e-17 8.37075e-18 0.0
4926.06 8.5412e-18 8.3683e-18 0.0
4927.2 8.36117e-18 8.36473e-18 0.0
4928.33 9.51793e-18 8.36117e-18 0.0
4929.47 6.95857e-18 8.36473e-18 0.0
4930.6 4.87549e-18 8.3683e-18 0.0
4931.74 4.97807e-18 8.37075e-18 0.0
4932.87 5.82489e-18 8.36473e-18 0.0
4934.01 9.5628e-18 8.36473e-18 0.0
4935.15 4.70545e-18 8.36473e-18 0.0
4936.28 4.78617e-18 8.36473e-18 0.0
4937.42 7.53507e-18 8.36473e-18 0.0
4938.56 7.96767e-18 8.36473e-18 0.0
4939.69 6.93261e-18 8.3128e-18 0.0
4940.83 7.93133e-18 8.36473e-18 0.0
4941.97 1.55877e-17 8.3128e-18 0.0
4943.11 1.29991e-17 8.3128e-18 0.0
4944.24 1.04123e-17 8.36473e-18 0.0
4945.38 1.16386e-17 8.36473e-18 0.0
4946.52 9.80066e-18 8.36473e-18 0.0
4947.66 1.19042e-17 8.34905e-18 0.0
4948.8 1.28697e-17 8.34905e-18 0.0
4949.94 9.22885e-18 8.34905e-18 0.0
4951.08 8.37321e-18 8.36473e-18 0.0
4952.22 9.2604e-18 8.36473e-18 0.0
4953.36 6.30845e-18 8.36473e-18 0.0
4954.5 8.37755e-18 8.36473e-18 0.0
4955.64 9.54135e-18 8.36473e-18 0.0
4956.78 8.25646e-18 8.36473e-18 0.0
4957.93 5.93246e-18 8.36473e-18 0.0
4959.07 5.39092e-18 8.34905e-18 0.0
4960.21 9.11945e-18 8.34905e-18 0.0
4961.35 1.47605e-17 8.34905e-18 0.0
4962.49 9.24937e-18 8.34905e-18 0.0
4963.64 1.02176e-18 8.36473e-18 0.0
4964.78 8.72245e-19 8.36473e-18 0.0
4965.92 6.69614e-18 8.36473e-18 0.0
4967.07 8.78442e-18 8.36117e-18 0.0
4968.21 7.41461e-18 8.36473e-18 0.0
4969.35 4.394e-18 8.3683e-18 0.0
4970.5 4.05151e-18 8.37075e-18 0.0
4971.64 9.45305e-18 8.3683e-18 0.0
4972.79 1.24668e-17 8.36473e-18 0.0
4973.94 6.15665e-18 8.3683e-18 0.0
4975.08 7.03089e-18 8.37075e-18 0.0
4976.22 1.17658e-17 8.3683e-18 0.0
4977.37 1.15688e-17 8.37075e-18 0.0
4978.52 9.12412e-18 8.37321e-18 0.0
4979.66 7.26559e-18 8.37075e-18 0.0
4980.81 6.52252e-18 8.3683e-18 0.0
4981.96 9.25338e-18 8.37075e-18 0.0
4983.1 3.90261e-18 8.3683e-18 0.0
4984.25 4.17343e-18 8.36473e-18 0.0
4985.4 7.51265e-18 8.36117e-18 0.0
4986.55 8.50832e-18 8.36473e-18 0.0
4987.7 8.5887e-18 8.3683e-18 0.0
4988.84 1.10859e-17 8.36473e-18 0.0
4989.99 8.89342e-18 8.36117e-18 0.0
4991.14 7.13303e-18 8.36473e-18 0.0
4992.29 9.79381e-18 8.3683e-18 0.0
4993.44 1.01196e-17 8.37075e-18 0.0
4994.59 4.76509e-18 8.3683e-18 0.0
4995.74 1.22786e-17 8.36473e-18 0.0
4996.89 1.15281e-17 8.3683e-18 0.0
4998.04 7.45232e-18 8.36473e-18 0.0
4999.19 8.47912e-18 8.3683e-18 0.0
5000.34 1.01067e-17 8.37075e-18 0.0
5001.5 6.72074e-18 8.3683e-18 0.0
5002.65 1.18053e-17 8.36473e-18 0.0
5003.8 7.32194e-18 8.3683e-18 0.0
5004.95 1.01006e-17 8.37075e-18 0.0
5006.11 1.07256e-17 8.37321e-18 0.0
5007.26 7.44251e-18 8.37538e-18 0.0
5008.41 9.59202e-18 8.37755e-18 0.0
5009.56 7.87741e-18 8.38593e-18 0.0
5010.72 7.12762e-18 8.3943e-18 0.0
5011.87 1.54767e-17 8.38593e-18 0.0
5013.03 1.78568e-17 8.37755e-18 0.0
5014.18 1.18216e-17 8.38593e-18 0.0
5015.34 1.00175e-17 8.3943e-18 0.0
5016.49 1.05738e-17 8.41121e-18 0.0
5017.65 1.16287e-17 8.42811e-18 0.0
5018.8 8.3683e-18 8.41121e-18 0.0
5019.96 7.00554e-18 8.42811e-18 0.0
5021.11 8.26444e-18 8.43776e-18 0.0
5022.27 9.33789e-18 8.44741e-18 0.0
5023.43 1.65154e-17 8.43776e-18 0.0
5024.58 9.43138e-18 8.44741e-18 0.0
5025.74 8.17888e-18 8.43776e-18 0.0
5026.9 1.13745e-17 8.42811e-18 0.0
5028.06 1.07823e-17 8.43776e-18 0.0
5029.21 6.01439e-18 8.42811e-18 0.0
5030.37 4.10245e-18 8.43776e-18 0.0
5031.53 6.97637e-18 8.42811e-18 0.0
5032.69 5.34936e-18 8.43776e-18 0.0
5033.85 2.37029e-18 8.42811e-18 0.0
5035.0 4.51997e-18 8.41121e-18 0.0
5036.17 9.5865e-18 8.42811e-18 0.0
5037.32 5.00665e-18 8.43776e-18 0.0
5038.49 4.65037e-18 8.42811e-18 0.0
5039.65 1.15042e-17 8.43776e-18 0.0
5040.81 1.29173e-17 8.44741e-18 0.0
5041.97 9.69359e-18 8.43776e-18 0.0
5043.13 9.46579e-18 8.42811e-18 0.0
5044.29 4.6776e-19 8.43776e-18 0.0
5045.45 8.76034e-18 8.44741e-18 0.0
5046.61 6.56816e-18 8.44741e-18 0.0
5047.77 5.87823e-18 8.44741e-18 0.0
5048.94 1.01793e-17 8.44741e-18 0.0
5050.1 8.52509e-18 8.45192e-18 0.0
5051.26 1.48614e-17 8.44741e-18 0.0
5052.43 7.76071e-18 8.43776e-18 0.0
5053.59 4.98283e-18 8.42811e-18 0.0
5054.75 6.21355e-18 8.43776e-18 0.0
5055.92 6.9746e-18 8.44741e-18 0.0
5057.08 6.99332e-18 8.43776e-18 0.0
5058.25 4.40853e-18 8.44741e-18 0.0
5059.41 8.61706e-18 8.45192e-18 0.0
5060.58 8.3943e-18 8.45643e-18 0.0
5061.74 4.78047e-18 8.45192e-18 0.0
5062.91 5.78467e-18 8.45643e-18 0.0
5064.07 1.08908e-17 8.46778e-18 0.0
5065.24 4.84716e-18 8.45643e-18 0.0
5066.41 8.03256e-18 8.46778e-18 0.0
5067.57 6.95593e-18 8.47912e-18 0.0
5068.74 7.54938e-18 8.48041e-18 0.0
5069.91 1.04126e-17 8.47912e-18 0.0
5071.08 7.71766e-18 8.46778e-18 0.0
5072.24 7.59246e-18 8.47912e-18 0.0
5073.41 1.05182e-17 8.46778e-18 0.0
5074.58 7.21152e-18 8.47912e-18 0.0
5075.75 5.29409e-18 8.46778e-18 0.0
5076.92 8.42811e-18 8.45643e-18 0.0
5078.08 1.06657e-17 8.46778e-18 0.0
5079.26 1.00096e-17 8.47912e-18 0.0
5080.42 5.63587e-18 8.46778e-18 0.0
5081.6 7.11424e-18 8.47912e-18 0.0
5082.76 9.9577e-18 8.46778e-18 0.0
5083.93 1.00733e-17 8.47912e-18 0.0
5085.11 9.15486e-18 8.48041e-18 0.0
5086.28 7.85979e-18 8.48169e-18 0.0
5087.45 1.04628e-17 8.495e-18 0.0
5088.62 7.03375e-18 8.50832e-18 0.0
5089.79 4.83298e-18 8.5167e-18 0.0
5090.96 5.20128e-18 8.52509e-18 0.0
5092.13 3.71547e-18 8.53315e-18 0.0
5093.31 1.03428e-17 8.5412e-18 0.0
5094.48 1.13192e-17 8.56495e-18 0.0
5095.66 9.24358e-18 8.5887e-18 0.0
5096.83 8.89972e-18 8.60288e-18 0.0
5098.0 5.61415e-18 8.5887e-18 0.0
5099.18 -1.81409e-18 8.56495e-18 0.0
5100.35 7.19575e-18 8.5887e-18 0.0
5101.52 1.16038e-17 8.60288e-18 0.0
5102.7 1.32333e-17 8.5887e-18 0.0
5103.88 9.62611e-18 8.60288e-18 0.0
5105.05 6.11108e-18 8.61706e-18 0.0
5106.23 9.98959e-18 8.65714e-18 0.0
5107.4 8.93163e-18 8.69722e-18 0.0
5108.58 9.35667e-18 8.65714e-18 0.0
5109.75 9.69038e-18 8.69722e-18 0.0
5110.93 6.36986e-18 8.71443e-18 0.0
5112.11 4.39198e-18 8.73163e-18 0.0
5113.28 8.73163e-18 8.74599e-18 0.0
5114.46 7.31357e-18 8.76034e-18 0.0
5115.64 9.69194e-18 8.76584e-18 0.0
5116.82 8.45643e-18 8.76034e-18 0.0
5118.0 8.15774e-18 8.74599e-18 0.0
5119.17 8.33693e-18 8.73163e-18 0.0
5120.35 5.38572e-18 8.71443e-18 0.0
5121.53 1.04899e-17 8.69722e-18 0.0
5122.71 1.07222e-17 8.65714e-18 0.0
5123.89 8.97536e-18 8.65714e-18 0.0
5125.07 1.04438e-17 8.65714e-18 0.0
5126.25 1.23105e-17 8.71443e-18 0.0
5127.43 9.43909e-18 8.71443e-18 0.0
5128.61 8.44741e-18 8.74599e-18 0.0
5129.79 9.22358e-18 8.76584e-18 0.0
5130.98 9.02918e-18 8.74599e-18 0.0
5132.16 7.91308e-18 8.76584e-18 0.0
5133.34 8.69722e-18 8.77788e-18 0.0
5134.52 1.11114e-17 8.83892e-18 0.0
5135.7 7.52273e-18 8.83892e-18 0.0
5136.89 9.80366e-18 8.83892e-18 0.0
5138.07 1.04332e-17 8.83892e-18 0.0
5139.25 7.90432e-18 8.83892e-18 0.0
5140.44 8.02188e-18 8.83892e-18 0.0
5141.62 1.32101e-17 8.83892e-18 0.0
5142.8 1.21989e-17 8.89657e-18 0.0
5143.99 9.51968e-18 8.89657e-18 0.0
5145.17 5.64282e-18 8.91568e-18 0.0
5146.36 6.87073e-18 8.93845e-18 0.0
5147.54 1.21237e-17 8.93845e-18 0.0
5148.73 1.15592e-17 8.93845e-18 0.0
5149.92 3.71001e-18 8.96031e-18 0.0
5151.1 9.97438e-18 8.96031e-18 0.0
5152.29 9.40083e-18 8.93845e-18 0.0
5153.47 5.56191e-18 8.93845e-18 0.0
5154.66 6.41593e-18 8.93845e-18 0.0
5155.85 8.48169e-18 8.93845e-18 0.0
5157.03 5.31656e-18 8.93845e-18 0.0
5158.22 6.97293e-18 8.91568e-18 0.0
5159.41 8.12626e-18 8.93845e-18 0.0
5160.6 1.12444e-17 8.96031e-18 0.0
5161.79 1.2216e-17 8.99347e-18 0.0
5162.97 5.59733e-18 9.0152e-18 0.0
5164.16 6.44452e-18 9.024e-18 0.0
5165.35 9.56207e-18 9.024e-18 0.0
5166.54 1.0079e-17 9.024e-18 0.0
5167.73 9.35973e-18 9.024e-18 0.0
5168.92 7.18442e-18 9.024e-18 0.0
5170.11 5.37241e-18 9.0152e-18 0.0
5171.3 1.33292e-17 9.0152e-18 0.0
5172.49 5.41239e-18 8.99347e-18 0.0
5173.68 9.01882e-18 8.99347e-18 0.0
5174.88 1.08135e-17 9.0152e-18 0.0
5176.07 5.51591e-18 9.024e-18 0.0
5177.26 8.17134e-18 9.0152e-18 0.0
5178.45 1.19426e-17 9.0152e-18 0.0
5179.64 1.14736e-17 9.0152e-18 0.0
5180.84 1.16393e-17 9.024e-18 0.0
5182.03 1.08033e-17 9.0152e-18 0.0
5183.23 1.01437e-17 8.99347e-18 0.0
5184.42 1.20924e-17 9.0152e-18 0.0
5185.61 9.01159e-18 9.00802e-18 0.0
5186.81 6.83619e-18 9.00802e-18 0.0
5188.0 7.26212e-18 9.00802e-18 0.0
5189.2 8.94526e-18 9.00802e-18 0.0
5190.39 1.00247e-17 8.9899e-18 0.0
5191.59 1.01325e-17 8.96031e-18 0.0
5192.78 1.07684e-17 8.93845e-18 0.0
5193.98 7.93659e-18 8.93845e-18 0.0
5195.17 1.08153e-17 8.93845e-18 0.0
5196.37 1.30634e-17 8.96031e-18 0.0
5197.57 9.39268e-18 8.96031e-18 0.0
5198.76 5.6933e-18 8.96031e-18 0.0
5199.96 9.88639e-18 8.93845e-18 0.0
5201.16 6.71791e-18 8.91568e-18 0.0
5202.36 8.28367e-18 8.83553e-18 0.0
5203.55 9.11498e-18 8.86407e-18 0.0
5204.75 8.16344e-18 8.79988e-18 0.0
5205.95 1.04939e-17 8.76584e-18 0.0
5207.15 6.27859e-18 8.76584e-18 0.0
5208.35 9.88403e-18 8.79988e-18 0.0
5209.55 7.99111e-18 8.84665e-18 0.0
5210.75 5.6777e-18 8.84665e-18 0.0
5211.95 1.0785e-17 8.84665e-18 0.0
5213.15 1.52353e-17 8.8823e-18 0.0
5214.35 1.23438e-18 8.8823e-18 0.0
5215.55 1.04839e-17 8.8823e-18 0.0
5216.75 1.20639e-17 8.91568e-18 0.0
5217.95 7.26786e-18 8.91568e-18 0.0
5219.15 7.2939e-18 8.91568e-18 0.0
5220.35 1.05955e-17 8.8823e-18 0.0
5221.56 8.77134e-18 8.84665e-18 0.0
5222.76 2.39259e-18 8.8823e-18 -6.48971e-18
5223.96 8.89613e-18 8.8823e-18 1.3828e-20
5225.17 1.46669e-17 8.8823e-18 5.78463e-18
5226.37 9.7394e-18 8.8823e-18 8.57099e-19
5227.57 5.13547e-18 8.84665e-18 -3.71119e-18
5228.78 1.20661e-17 8.8823e-18 3.18383e-18
5229.98 4.17941e-18 8.84665e-18 -4.66725e-18
5231.18 4.35972e-18 8.84665e-18 -4.48693e-18
5232.39 7.3564e-18 8.8823e-18 -1.5259e-18
5233.59 7.85973e-18 8.8823e-18 -1.02258e-18
5234.8 9.32365e-18 8.8823e-18 4.41352e-19
5236.01 3.24676e-18 8.8823e-18 -5.63555e-18
5237.21 1.0333e-17 8.91568e-18 1.41729e-18
5238.42 1.21957e-17 8.91568e-18 3.27998e-18
5239.62 1.12245e-17 8.93163e-18 2.29286e-18
5240.83 1.17154e-17 8.93845e-18 2.77697e-18
5242.04 1.16827e-17 8.94526e-18 2.73741e-18
5243.24 1.47699e-17 8.93845e-18 5.83142e-18
5244.45 6.24989e-18 8.94526e-18 -2.69537e-18
5245.66 9.26373e-18 8.96031e-18 3.03422e-19
5246.87 1.43921e-17 8.97536e-18 5.41672e-18
5248.07 1.40732e-17 8.9899e-18 5.08333e-18
5249.28 1.46058e-17 8.97536e-18 5.63044e-18
5250.49 1.39106e-17 8.9899e-18 4.92067e-18
5251.7 2.89242e-17 9.00444e-18 1.99198e-17
5252.91 3.87613e-17 8.9899e-18 2.97714e-17
5254.12 5.46858e-17 9.00444e-18 4.56814e-17
5255.33 7.52877e-17 9.00802e-18 6.62797e-17
5256.54 8.5278e-17 9.01159e-18 7.62664e-17
5257.75 1.04242e-16 9.00802e-18 9.52336e-17
5258.96 1.20861e-16 9.00444e-18 1.11856e-16
5260.17 1.25814e-16 9.00802e-18 1.16806e-16
5261.39 1.21122e-16 9.01159e-18 1.1211e-16
5262.6 1.12251e-16 9.00802e-18 1.03242e-16
5263.81 1.01836e-16 9.00444e-18 9.28312e-17
5265.02 8.93017e-17 8.9899e-18 8.03118e-17
5266.23 8.29549e-17 9.00444e-18 7.39504e-17
5267.45 6.93031e-17 8.9899e-18 6.03132e-17
5268.66 5.18874e-17 9.00444e-18 4.2883e-17
5269.87 3.9658e-17 9.00802e-18 3.06499e-17
5271.08 3.34335e-17 9.01159e-18 2.44219e-17
5272.3 2.48864e-17 9.0152e-18 1.58712e-17
5273.51 2.09134e-17 9.01159e-18 1.19018e-17
5274.73 1.48597e-17 9.00802e-18 5.85172e-18
5275.94 1.04714e-17 9.00444e-18 1.46698e-18
5277.16 8.95525e-18 9.00802e-18 -5.27708e-20
5278.37 7.67722e-18 9.01159e-18 -1.33437e-18
5279.59 1.13738e-17 9.0152e-18 2.35863e-18
5280.8 6.45991e-18 9.01882e-18 -2.5589e-18
5282.02 1.10372e-17 9.0152e-18 2.02203e-18
5283.23 1.32687e-17 9.01159e-18 4.25706e-18
5284.45 1.01965e-17 9.00802e-18 1.18845e-18
5285.67 1.23206e-17 9.01159e-18 3.30903e-18
5286.89 6.87435e-18 9.00802e-18 -2.13367e-18
5288.1 8.45865e-18 9.01159e-18 -5.52939e-19
5289.32 8.31136e-18 9.00802e-18 -6.96661e-19
5290.54 5.90818e-18 9.00444e-18 -3.09626e-18
5291.76 6.73583e-18 9.00802e-18 -2.27218e-18
5292.98 9.67666e-18 9.01159e-18 6.65071e-19
5294.2 2.51863e-18 9.0152e-18 -6.49657e-18
5295.42 8.97915e-18 9.01882e-18 -3.96724e-20
5296.63 1.16514e-17 9.0152e-18 2.63617e-18
5297.86 6.54978e-18 9.01882e-18 -2.46903e-18
5299.07 5.0916e-18 9.024e-18 -3.93239e-18
5300.29 1.30347e-17 9.02918e-18 4.00556e-18
5301.52 1.08348e-17 9.04233e-18 1.7925e-18
5302.74 1.09417e-17 9.02918e-18 0.0
5303.96 1.04168e-17 9.024e-18 0.0
5305.18 1.02658e-17 9.02918e-18 0.0
5306.4 1.02469e-17 9.024e-18 0.0
5307.62 9.11363e-18 9.01882e-18 0.0
5308.84 1.15269e-17 9.0152e-18 0.0
5310.07 7.55286e-18 9.01882e-18 0.0
5311.29 1.44727e-17 9.0152e-18 0.0
5312.51 1.50219e-17 9.01159e-18 0.0
5313.74 9.05548e-18 9.0152e-18 0.0
5314.96 1.47951e-17 9.01882e-18 0.0
5316.18 1.25538e-17 9.0152e-18 0.0
5317.41 9.79696e-18 9.01882e-18 0.0
5318.63 6.44647e-18 9.0152e-18 0.0
5319.86 5.8065e-18 9.01159e-18 0.0
5321.08 8.75895e-18 9.0152e-18 0.0
5322.31 1.04517e-17 9.01882e-18 0.0
5323.53 7.12096e-18 9.0152e-18 0.0
5324.76 1.21776e-17 9.01159e-18 0.0
5325.98 1.09824e-17 9.00802e-18 0.0
5327.21 1.01076e-17 9.01159e-18 0.0
5328.44 1.34837e-17 9.0152e-18 0.0
5329.67 1.25987e-17 9.01159e-18 0.0
5330.89 6.92842e-18 9.00802e-18 0.0
5332.12 8.7322e-18 9.01159e-18 0.0
5333.35 1.14263e-17 9.00802e-18 0.0
5334.58 9.99262e-18 9.00444e-18 0.0
5335.81 7.52836e-18 9.00802e-18 0.0
5337.03 8.73301e-18 9.01159e-18 0.0
5338.26 8.52135e-18 9.0152e-18 0.0
5339.49 1.06995e-17 9.01882e-18 0.0
5340.72 1.2565e-17 9.03715e-18 0.0
5341.95 1.09849e-17 9.05548e-18 0.0
5343.18 9.76236e-18 9.03715e-18 0.0
5344.41 1.27825e-17 9.01882e-18 0.0
5345.64 9.24514e-18 9.03715e-18 0.0
5346.88 3.75439e-18 9.05548e-18 0.0
5348.11 7.4541e-18 9.03715e-18 0.0
5349.34 1.02716e-17 9.01882e-18 0.0
5350.57 5.61599e-18 9.0152e-18 0.0
5351.8 2.15128e-18 9.01882e-18 0.0
5353.03 8.73059e-18 9.03715e-18 0.0
5354.27 9.70927e-18 9.01882e-18 0.0
5355.5 1.12908e-17 9.03715e-18 0.0
5356.73 1.08134e-17 9.05548e-18 0.0
5357.97 7.19735e-18 9.03354e-18 0.0
5359.2 6.76736e-18 9.05548e-18 0.0
5360.43 1.21889e-17 9.08456e-18 0.0
5361.67 1.07715e-17 9.05548e-18 0.0
