bubbleimg/imgdecompose/test/test_verification_data/SDSSJ0920+0034/spec_decomposed.ecsv
# %ECSV 0.9
# ---
# datatype:
# - {name: lcoord, unit: Angstrom, datatype: float32}
# - {name: spec, unit: erg / (Angstrom cm2 s), datatype: float32}
# - {name: specconti, unit: erg / (Angstrom cm2 s), datatype: float32}
# - {name: specline, unit: erg / (Angstrom cm2 s), datatype: float32}
lcoord spec specconti specline
[from data line 446]
3981.07 3.85616e-18 8.32247e-18 0.0
3981.99 5.09427e-18 8.32247e-18 0.0
3982.91 1.5671e-17 8.32247e-18 0.0
3983.82 5.76854e-19 8.24275e-18 0.0
3984.74 -1.13987e-17 8.24275e-18 0.0
3985.66 6.13249e-18 8.32247e-18 0.0
3986.58 1.62313e-17 8.24275e-18 0.0
3987.49 -1.94032e-18 8.19759e-18 0.0
3988.41 1.1309e-17 8.24275e-18 0.0
3989.33 -3.40077e-18 8.19759e-18 0.0
3990.25 4.66189e-18 8.14236e-18 0.0
3991.17 9.95881e-18 8.10394e-18 0.0
3992.09 4.77857e-18 8.10394e-18 0.0
3993.01 5.1091e-18 8.14236e-18 0.0
3993.93 6.30997e-18 8.14236e-18 0.0
3994.85 2.59294e-18 8.10394e-18 0.0
3995.76 -4.96206e-18 8.14236e-18 0.0
3996.69 8.85061e-18 8.10394e-18 0.0
3997.61 3.03661e-17 8.10394e-18 0.0
3998.53 2.97775e-17 8.14236e-18 0.0
3999.45 1.61362e-17 8.19759e-18 0.0
4000.37 1.69269e-17 8.19759e-18 0.0
4001.29 2.52655e-17 8.19759e-18 0.0
4002.21 2.26361e-17 8.24275e-18 0.0
4003.13 1.04224e-17 8.24275e-18 0.0
4004.05 2.87671e-18 8.24275e-18 0.0
4004.98 8.08088e-18 8.32247e-18 0.0
4005.9 2.93382e-17 8.42779e-18 0.0
4006.82 1.86837e-17 8.42779e-18 0.0
4007.74 1.53897e-17 8.52102e-18 0.0
4008.67 1.7e-17 8.52102e-18 0.0
4009.59 7.1e-19 8.42779e-18 0.0
4010.51 -7.92227e-19 8.32247e-18 0.0
4011.44 1.77926e-17 8.24275e-18 0.0
4012.36 1.34961e-17 8.24275e-18 0.0
4013.28 2.0252e-18 8.32247e-18 0.0
4014.21 -4.50764e-19 8.32247e-18 0.0
4015.13 6.98024e-18 8.24275e-18 0.0
4016.06 1.59763e-17 8.24275e-18 0.0
4016.98 -6.73038e-18 8.24275e-18 0.0
4017.91 -6.17861e-18 8.19759e-18 0.0
4018.83 1.94487e-18 8.19759e-18 0.0
4019.76 4.69153e-18 8.19759e-18 0.0
4020.68 9.03329e-18 8.19759e-18 0.0
4021.61 1.50467e-17 8.19759e-18 0.0
4022.54 9.11186e-18 8.14236e-18 0.0
4023.46 -2.65159e-18 8.14236e-18 0.0
4024.39 -2.68753e-18 8.19759e-18 0.0
4025.32 2.38997e-18 8.19759e-18 0.0
4026.24 5.38344e-18 8.19759e-18 0.0
4027.17 2.14401e-17 8.19759e-18 0.0
4028.1 1.26274e-17 8.14236e-18 0.0
4029.03 -1.98856e-18 8.10394e-18 0.0
4029.95 8.23748e-18 8.03524e-18 0.0
4030.88 2.1236e-17 8.03524e-18 0.0
4031.81 1.23331e-17 7.97052e-18 0.0
4032.74 1.2713e-17 7.86384e-18 0.0
4033.67 -2.33948e-18 7.97052e-18 0.0
4034.59 9.29836e-18 8.03524e-18 0.0
4035.53 1.07836e-17 8.10394e-18 0.0
4036.45 5.88887e-18 8.10394e-18 0.0
4037.38 7.37232e-18 8.10394e-18 0.0
4038.31 -1.99031e-17 8.03524e-18 0.0
4039.24 4.57838e-18 8.03524e-18 0.0
4040.17 2.98575e-18 8.03524e-18 0.0
4041.1 -9.99479e-18 7.97052e-18 0.0
4042.03 -6.45625e-18 7.97052e-18 0.0
4042.96 7.95143e-18 7.86384e-18 0.0
4043.9 4.39801e-18 7.73974e-18 0.0
4044.83 -1.10437e-17 7.86384e-18 0.0
4045.76 1.33389e-17 7.86384e-18 0.0
4046.69 1.21764e-17 7.97052e-18 0.0
4047.62 1.33595e-18 7.97052e-18 0.0
4048.55 1.93284e-17 7.86384e-18 0.0
4049.49 4.43294e-18 7.86384e-18 0.0
4050.42 6.6267e-18 7.97052e-18 0.0
4051.35 3.05118e-18 8.03524e-18 0.0
4052.29 1.33592e-17 8.03524e-18 0.0
4053.22 2.49896e-17 8.03524e-18 0.0
4054.15 1.42052e-17 8.03524e-18 0.0
4055.09 6.41251e-18 7.97052e-18 0.0
4056.02 1.90582e-17 7.97052e-18 0.0
4056.95 1.4036e-17 8.03524e-18 0.0
4057.89 -2.6064e-18 8.03524e-18 0.0
4058.82 4.9977e-19 8.10394e-18 0.0
4059.76 2.10694e-17 8.10394e-18 0.0
4060.69 5.02901e-18 8.10187e-18 0.0
4061.63 -8.41928e-19 8.12494e-18 0.0
4062.56 7.2933e-18 8.10187e-18 0.0
4063.5 1.07769e-17 8.10187e-18 0.0
4064.43 1.60578e-17 8.10187e-18 0.0
4065.37 2.36262e-17 8.10187e-18 0.0
4066.31 2.79649e-18 8.10187e-18 0.0
4067.24 1.04471e-17 8.12494e-18 0.0
4068.18 1.45571e-17 8.12494e-18 0.0
4069.11 5.90088e-18 8.10187e-18 0.0
4070.05 6.58938e-18 8.03524e-18 0.0
4070.99 1.61392e-17 8.03524e-18 0.0
4071.93 -7.90064e-18 8.03524e-18 0.0
4072.86 4.39799e-18 8.03524e-18 0.0
4073.8 3.37552e-18 8.03524e-18 0.0
4074.74 6.30665e-18 7.97052e-18 0.0
4075.68 7.65923e-18 7.86384e-18 0.0
4076.62 -2.05407e-18 7.86384e-18 0.0
4077.56 1.22005e-17 7.86384e-18 0.0
4078.5 5.64132e-18 7.86384e-18 0.0
4079.43 -9.86368e-19 7.73974e-18 0.0
4080.37 -2.45972e-20 7.73974e-18 0.0
4081.31 6.93116e-18 7.69908e-18 0.0
4082.25 1.05241e-17 7.6815e-18 0.0
4083.19 2.14153e-19 7.6815e-18 0.0
4084.13 6.11646e-18 7.6815e-18 0.0
4085.08 -4.29899e-18 7.69908e-18 0.0
4086.02 -1.31874e-18 7.6815e-18 0.0
4086.96 1.12071e-17 7.66365e-18 0.0
4087.9 1.13684e-17 7.65725e-18 0.0
4088.84 1.77164e-17 7.63813e-18 0.0
4089.78 1.98294e-17 7.63813e-18 0.0
4090.72 2.06006e-17 7.62077e-18 0.0
4091.67 8.12701e-18 7.60901e-18 0.0
4092.61 4.79682e-19 7.60901e-18 0.0
4093.55 1.31308e-17 7.60901e-18 0.0
4094.49 1.25773e-17 7.60901e-18 0.0
4095.43 2.7684e-18 7.56819e-18 0.0
4096.38 1.67161e-17 7.60901e-18 0.0
4097.32 1.47618e-17 7.60901e-18 0.0
4098.27 4.61405e-18 7.56819e-18 0.0
4099.21 1.06828e-17 7.56819e-18 0.0
4100.15 1.405e-18 7.49834e-18 0.0
4101.1 9.37678e-18 7.49834e-18 0.0
4102.04 2.33699e-18 7.56819e-18 0.0
4102.99 -7.8804e-19 7.56819e-18 0.0
4103.93 4.60734e-18 7.56819e-18 0.0
4104.88 6.55779e-18 7.56819e-18 0.0
4105.82 9.74771e-18 7.60901e-18 0.0
4106.77 1.18576e-17 7.60901e-18 0.0
4107.71 -3.9677e-18 7.56819e-18 0.0
4108.66 5.98253e-18 7.56819e-18 0.0
4109.6 2.24548e-17 7.60901e-18 0.0
4110.55 8.39692e-18 7.60901e-18 0.0
4111.5 5.04229e-18 7.60901e-18 0.0
4112.44 9.28785e-18 7.62077e-18 0.0
4113.39 1.42706e-17 7.62077e-18 0.0
4114.34 7.62101e-18 7.63813e-18 0.0
4115.29 1.46174e-18 7.63813e-18 0.0
4116.23 8.98941e-18 7.62077e-18 0.0
4117.18 1.24778e-17 7.62077e-18 0.0
4118.13 1.77676e-17 7.62077e-18 0.0
4119.08 1.09593e-17 7.63813e-18 0.0
4120.03 8.24802e-18 7.63813e-18 0.0
4120.98 1.03577e-17 7.63813e-18 0.0
4121.92 5.67372e-18 7.63813e-18 0.0
4122.87 3.8093e-19 7.65725e-18 0.0
4123.82 1.00019e-17 7.63813e-18 0.0
4124.77 1.35908e-17 7.65725e-18 0.0
4125.72 4.07682e-18 7.66365e-18 0.0
4126.67 3.12654e-18 7.66365e-18 0.0
4127.62 1.52389e-17 7.65725e-18 0.0
4128.57 -1.58612e-18 7.66365e-18 0.0
4129.52 -6.59828e-18 7.65725e-18 0.0
4130.47 7.10691e-18 7.65725e-18 0.0
4131.43 1.64688e-17 7.66365e-18 0.0
4132.38 1.24703e-17 7.66365e-18 0.0
4133.33 2.9329e-18 7.66365e-18 0.0
4134.28 -2.44321e-18 7.66365e-18 0.0
4135.23 8.58337e-18 7.6815e-18 0.0
4136.19 2.60974e-18 7.6815e-18 0.0
4137.14 9.38732e-19 7.69908e-18 0.0
4138.09 1.10244e-17 7.6815e-18 0.0
4139.04 1.3622e-17 7.66365e-18 0.0
4140.0 8.89611e-19 7.66365e-18 0.0
4140.95 1.18588e-17 7.65725e-18 0.0
4141.9 9.32999e-18 7.63813e-18 0.0
4142.86 1.45055e-17 7.63813e-18 0.0
4143.81 2.19134e-17 7.62077e-18 0.0
4144.77 1.49573e-17 7.60901e-18 0.0
4145.72 1.76492e-17 7.62077e-18 0.0
4146.68 7.62053e-18 7.62077e-18 0.0
4147.63 1.27279e-17 7.60901e-18 0.0
4148.58 1.09472e-17 7.56819e-18 0.0
4149.54 3.91643e-18 7.56819e-18 0.0
4150.5 5.00498e-18 7.49834e-18 0.0
4151.45 -3.2898e-18 7.49834e-18 0.0
4152.41 2.36079e-18 7.49834e-18 0.0
4153.36 2.19633e-17 7.41506e-18 0.0
4154.32 1.84438e-17 7.36646e-18 0.0
4155.28 4.28665e-18 7.41506e-18 0.0
4156.23 7.06964e-18 7.49834e-18 0.0
4157.19 2.51412e-18 7.49834e-18 0.0
4158.15 6.08344e-18 7.41506e-18 0.0
4159.11 7.53888e-18 7.41506e-18 0.0
4160.06 2.00225e-19 7.41506e-18 0.0
4161.02 -3.36805e-18 7.41506e-18 0.0
4161.98 2.84226e-18 7.49834e-18 0.0
4162.94 -1.73827e-18 7.49834e-18 0.0
4163.9 9.05666e-18 7.49834e-18 0.0
4164.86 1.05475e-17 7.49834e-18 0.0
4165.81 7.66807e-18 7.56819e-18 0.0
4166.78 7.77625e-18 7.56819e-18 0.0
4167.73 4.60429e-18 7.60287e-18 0.0
4168.69 -9.00229e-18 7.61439e-18 0.0
4169.65 5.23238e-19 7.61439e-18 0.0
4170.61 6.383e-18 7.60287e-18 0.0
4171.58 3.35728e-18 7.60287e-18 0.0
4172.53 -5.75993e-19 7.56819e-18 0.0
4173.5 1.7176e-18 7.56819e-18 0.0
4174.46 9.65706e-18 7.56819e-18 0.0
4175.42 1.66078e-17 7.49834e-18 0.0
4176.38 8.74844e-18 7.49834e-18 0.0
4177.34 8.2047e-18 7.49834e-18 0.0
4178.3 1.13975e-17 7.49834e-18 0.0
4179.27 6.25139e-18 7.49834e-18 0.0
4180.23 1.18975e-17 7.49834e-18 0.0
4181.19 7.70322e-18 7.49834e-18 0.0
4182.15 4.14141e-19 7.49834e-18 0.0
4183.12 6.05396e-18 7.49834e-18 0.0
4184.08 7.07973e-18 7.56819e-18 0.0
4185.04 -6.13306e-18 7.59979e-18 0.0
4186.01 8.5325e-18 7.59979e-18 0.0
4186.97 1.88384e-17 7.59979e-18 0.0
4187.94 1.52895e-17 7.59979e-18 0.0
4188.9 8.81422e-18 7.56819e-18 0.0
4189.86 4.93563e-18 7.49834e-18 0.0
4190.83 4.19333e-18 7.56819e-18 0.0
4191.79 9.71374e-18 7.49834e-18 0.0
4192.76 9.21793e-18 7.56819e-18 0.0
4193.73 8.51805e-18 7.56819e-18 0.0
4194.69 7.34458e-18 7.56819e-18 0.0
4195.66 4.0009e-18 7.56819e-18 0.0
4196.62 -1.09692e-18 7.56819e-18 0.0
4197.59 -2.05151e-18 7.49834e-18 0.0
4198.56 1.67056e-17 7.49834e-18 0.0
4199.52 7.4578e-18 7.4149e-18 0.0
4200.49 9.48802e-18 7.4149e-18 0.0
4201.46 1.84077e-17 7.49834e-18 0.0
4202.43 8.12287e-18 7.49834e-18 0.0
4203.39 1.15725e-17 7.49834e-18 0.0
4204.36 1.6895e-18 7.49834e-18 0.0
4205.33 1.18506e-17 7.56819e-18 0.0
4206.3 1.61993e-17 7.59979e-18 0.0
4207.27 8.52248e-18 7.56819e-18 0.0
4208.23 7.69493e-18 7.49834e-18 0.0
4209.21 1.30614e-17 7.49834e-18 0.0
4210.17 9.80084e-18 7.56819e-18 0.0
4211.14 2.63735e-18 7.49834e-18 0.0
4212.11 3.50412e-18 7.4149e-18 0.0
4213.08 1.17255e-17 7.4149e-18 0.0
4214.05 1.65028e-17 7.4149e-18 0.0
4215.02 1.22086e-17 7.4149e-18 0.0
4216.0 7.59749e-18 7.49834e-18 0.0
4216.96 6.32607e-18 7.56819e-18 0.0
4217.94 6.49214e-18 7.56819e-18 0.0
4218.91 8.63109e-18 7.59979e-18 0.0
4219.88 1.02935e-17 7.59979e-18 0.0
4220.85 2.58659e-18 7.59979e-18 0.0
4221.82 1.0296e-19 7.59979e-18 0.0
4222.8 6.58289e-18 7.60517e-18 0.0
4223.77 4.95308e-18 7.61439e-18 0.0
4224.74 2.8076e-18 7.62077e-18 0.0
4225.71 1.28596e-17 7.62077e-18 0.0
4226.69 1.51454e-17 7.62077e-18 0.0
4227.66 1.48656e-17 7.63813e-18 0.0
4228.63 6.5911e-18 7.65611e-18 0.0
4229.61 5.86762e-18 7.65611e-18 0.0
4230.58 7.65526e-18 7.65611e-18 0.0
4231.55 4.74783e-18 7.65611e-18 0.0
4232.53 1.45415e-17 7.63813e-18 0.0
4233.5 -3.25549e-18 7.62077e-18 0.0
4234.48 5.1719e-18 7.61439e-18 0.0
4235.45 1.0292e-17 7.60517e-18 0.0
4236.43 8.36097e-18 7.60517e-18 0.0
4237.41 1.44513e-17 7.61439e-18 0.0
4238.38 4.44124e-18 7.60517e-18 0.0
4239.36 1.4205e-17 7.59979e-18 0.0
4240.33 7.70624e-18 7.60517e-18 0.0
4241.31 5.10699e-18 7.59979e-18 0.0
4242.29 8.26158e-18 7.56819e-18 0.0
4243.26 5.4988e-18 7.59979e-18 0.0
4244.24 1.29359e-17 7.56819e-18 0.0
4245.22 8.07455e-18 7.59979e-18 0.0
4246.2 3.13377e-18 7.59979e-18 0.0
4247.17 7.14628e-19 7.59979e-18 0.0
4248.15 2.5376e-18 7.59979e-18 0.0
4249.13 9.15392e-18 7.60517e-18 0.0
4250.11 1.21012e-17 7.60517e-18 0.0
4251.09 5.74431e-18 7.60517e-18 0.0
4252.06 8.60272e-18 7.60517e-18 0.0
4253.05 8.38282e-18 7.60517e-18 0.0
4254.02 6.89316e-18 7.60517e-18 0.0
4255.0 1.19189e-17 7.59979e-18 0.0
4255.98 8.77502e-18 7.59979e-18 0.0
4256.96 9.83966e-18 7.59979e-18 0.0
4257.94 1.33838e-17 7.59979e-18 0.0
4258.93 1.17853e-17 7.56819e-18 0.0
4259.91 2.59304e-18 7.49834e-18 0.0
4260.89 -1.63097e-19 7.56819e-18 0.0
4261.87 2.13236e-17 7.56819e-18 0.0
4262.85 1.02902e-17 7.56819e-18 0.0
4263.83 2.0927e-18 7.56819e-18 0.0
4264.81 2.12182e-18 7.56819e-18 0.0
4265.8 6.05473e-18 7.56819e-18 0.0
4266.78 9.21357e-18 7.56819e-18 0.0
4267.76 4.09145e-18 7.59979e-18 0.0
4268.74 8.04658e-18 7.59979e-18 0.0
4269.73 8.22921e-18 7.59979e-18 0.0
4270.71 5.38206e-18 7.59979e-18 0.0
4271.69 7.05148e-18 7.59979e-18 0.0
4272.68 1.14795e-17 7.60517e-18 0.0
4273.66 4.97453e-18 7.60517e-18 0.0
4274.64 6.26163e-18 7.61439e-18 0.0
4275.63 9.56306e-18 7.61439e-18 0.0
4276.61 8.83831e-18 7.61439e-18 0.0
4277.6 6.0276e-18 7.60517e-18 0.0
4278.58 6.17791e-18 7.59979e-18 0.0
4279.57 8.22224e-18 7.59979e-18 0.0
4280.55 5.88082e-18 7.60517e-18 0.0
4281.54 8.33873e-18 7.60517e-18 0.0
4282.53 5.55547e-18 7.60517e-18 0.0
4283.51 7.36059e-18 7.60517e-18 0.0
4284.5 1.7921e-17 7.60517e-18 0.0
4285.48 3.59482e-18 7.59979e-18 0.0
4286.47 4.72585e-18 7.60517e-18 0.0
4287.46 1.01765e-17 7.60517e-18 0.0
4288.45 6.59814e-18 7.59979e-18 0.0
4289.43 3.69977e-18 7.56819e-18 0.0
4290.42 1.15128e-17 7.56819e-18 0.0
4291.41 1.06435e-17 7.56819e-18 0.0
4292.4 1.95164e-18 7.56819e-18 0.0
4293.39 4.55043e-18 7.49834e-18 0.0
4294.38 7.65696e-18 7.49834e-18 0.0
4295.36 5.17259e-18 7.43966e-18 0.0
4296.35 3.12462e-18 7.43966e-18 0.0
4297.34 4.5713e-18 7.49834e-18 0.0
4298.33 3.70303e-18 7.49834e-18 0.0
4299.32 4.27895e-18 7.56819e-18 0.0
4300.31 1.20721e-17 7.56819e-18 0.0
4301.3 1.4877e-17 7.49834e-18 0.0
4302.29 4.39845e-18 7.56819e-18 0.0
4303.28 3.74208e-18 7.59979e-18 0.0
4304.27 7.22064e-18 7.60517e-18 0.0
4305.27 6.86738e-18 7.62196e-18 0.0
4306.26 6.60669e-18 7.64547e-18 0.0
4307.25 1.0969e-17 7.65611e-18 0.0
4308.24 1.48537e-17 7.66251e-18 0.0
4309.23 7.60825e-18 7.66251e-18 0.0
4310.23 1.21252e-17 7.66251e-18 0.0
4311.22 8.54636e-18 7.65611e-18 0.0
4312.21 5.1356e-18 7.64547e-18 0.0
4313.2 8.32684e-18 7.62196e-18 0.0
4314.2 1.26879e-17 7.62196e-18 0.0
4315.19 1.2154e-17 7.64547e-18 0.0
4316.18 6.21433e-18 7.64547e-18 0.0
4317.18 -3.26337e-19 7.65611e-18 0.0
4318.17 2.12897e-18 7.65611e-18 0.0
4319.17 1.02463e-17 7.65611e-18 0.0
4320.16 1.22932e-17 7.67595e-18 0.0
4321.16 6.63146e-18 7.67595e-18 0.0
4322.15 6.19811e-18 7.65611e-18 0.0
4323.15 8.5903e-18 7.64547e-18 0.0
4324.14 8.50474e-18 7.64547e-18 0.0
4325.14 7.37201e-18 7.64547e-18 0.0
4326.13 7.12804e-18 7.62196e-18 0.0
4327.13 1.97443e-18 7.62196e-18 0.0
4328.13 -1.99777e-18 7.60517e-18 0.0
4329.12 6.36217e-18 7.59979e-18 0.0
4330.12 9.2157e-18 7.59979e-18 0.0
4331.12 7.60209e-18 7.59979e-18 0.0
4332.11 9.1757e-18 7.59979e-18 0.0
4333.11 -1.47722e-18 7.60517e-18 0.0
4334.11 5.256e-18 7.59979e-18 0.0
4335.11 1.82153e-18 7.52764e-18 0.0
4336.11 7.24673e-18 7.43966e-18 0.0
4337.11 1.40449e-17 7.40431e-18 0.0
4338.1 5.25973e-18 7.43966e-18 0.0
4339.1 9.27467e-18 7.43966e-18 0.0
4340.1 6.92251e-18 7.43966e-18 0.0
4341.1 -2.94999e-20 7.43966e-18 0.0
4342.1 8.66936e-18 7.43966e-18 0.0
4343.1 1.5923e-17 7.52764e-18 0.0
4344.1 2.78089e-18 7.52764e-18 0.0
4345.1 4.47243e-18 7.52764e-18 0.0
4346.1 1.29181e-19 7.52764e-18 0.0
4347.1 9.67887e-18 7.52764e-18 0.0
4348.1 9.87164e-18 7.59965e-18 0.0
4349.11 5.0833e-18 7.59965e-18 0.0
4350.11 1.18586e-17 7.59965e-18 0.0
4351.11 7.16406e-18 7.50951e-18 0.0
4352.11 1.23624e-17 7.40431e-18 0.0
4353.11 1.35241e-17 7.50951e-18 0.0
4354.12 1.21437e-18 7.50951e-18 0.0
4355.12 -4.75931e-19 7.40431e-18 0.0
4356.12 1.8709e-17 7.37955e-18 0.0
4357.12 8.67266e-18 7.3663e-18 0.0
4358.13 3.38395e-18 7.30366e-18 0.0
4359.13 5.14379e-18 7.30366e-18 0.0
4360.13 5.44229e-18 7.3663e-18 0.0
4361.14 6.77507e-18 7.37955e-18 0.0
4362.14 1.17891e-17 7.37955e-18 0.0
4363.15 8.61337e-18 7.37955e-18 0.0
4364.15 1.1669e-17 7.37955e-18 0.0
4365.16 -1.8434e-18 7.37955e-18 0.0
4366.16 8.07299e-18 7.40431e-18 0.0
4367.17 1.98883e-17 7.51167e-18 0.0
4368.18 1.21395e-18 7.51167e-18 0.0
4369.18 1.45819e-17 7.51167e-18 0.0
4370.19 8.61315e-18 7.60195e-18 0.0
4371.19 1.14883e-17 7.60517e-18 0.0
4372.2 8.33987e-18 7.60517e-18 0.0
4373.21 3.94864e-18 7.61629e-18 0.0
4374.21 1.35617e-17 7.63001e-18 0.0
4375.22 1.36591e-17 7.61629e-18 0.0
4376.23 9.10925e-18 7.61629e-18 0.0
4377.24 -2.34876e-18 7.60517e-18 0.0
4378.24 6.41927e-18 7.60517e-18 0.0
4379.25 1.65792e-17 7.60517e-18 0.0
4380.26 2.8396e-18 7.60195e-18 0.0
4381.27 7.38709e-18 7.60517e-18 0.0
4382.28 2.56474e-18 7.60195e-18 0.0
4383.29 4.60026e-18 7.60517e-18 0.0
4384.3 1.20465e-17 7.61629e-18 0.0
4385.31 1.23155e-17 7.60517e-18 0.0
4386.32 3.72879e-18 7.60195e-18 0.0
4387.33 6.0784e-18 7.60195e-18 0.0
4388.34 1.24164e-17 7.60517e-18 0.0
4389.35 3.72069e-18 7.60195e-18 0.0
4390.36 5.33664e-18 7.51167e-18 0.0
4391.37 9.59808e-18 7.60195e-18 0.0
4392.38 -5.32708e-19 7.60195e-18 0.0
4393.39 9.27828e-18 7.60517e-18 0.0
4394.4 1.53067e-17 7.60195e-18 0.0
4395.42 4.62094e-18 7.60195e-18 0.0
4396.43 5.78555e-18 7.60195e-18 0.0
4397.44 1.14958e-17 7.60195e-18 0.0
4398.45 3.77512e-18 7.60517e-18 0.0
4399.47 1.29672e-17 7.60517e-18 0.0
4400.48 8.47506e-18 7.60517e-18 0.0
4401.49 6.22159e-18 7.60517e-18 0.0
4402.51 4.19285e-18 7.60195e-18 0.0
4403.52 6.30707e-18 7.59362e-18 0.0
4404.53 1.33768e-17 7.59362e-18 0.0
4405.55 5.13267e-18 7.59362e-18 0.0
4406.56 8.4922e-18 7.59362e-18 0.0
4407.58 4.32166e-18 7.59362e-18 0.0
4408.59 4.50665e-18 7.59362e-18 0.0
4409.61 8.98905e-18 7.59362e-18 0.0
