bubbleimg/imgdecompose/test/test_verification_data/SDSSJ0920+0034/spec_decomposed.ecsv
# %ECSV 0.9
# ---
# datatype:
# - {name: lcoord, unit: Angstrom, datatype: float32}
# - {name: spec, unit: erg / (Angstrom cm2 s), datatype: float32}
# - {name: specconti, unit: erg / (Angstrom cm2 s), datatype: float32}
# - {name: specline, unit: erg / (Angstrom cm2 s), datatype: float32}
lcoord spec specconti specline
3592.53 -2.29136e-17 9.19175e-18 0.0
3593.35 -6.06842e-18 8.9808e-18 0.0
3594.18 -7.17138e-17 8.95068e-18 0.0
3595.01 -1.98466e-17 8.92056e-18 0.0
3595.84 -2.28216e-18 8.92056e-18 0.0
3596.67 -1.87486e-17 8.92056e-18 0.0
3597.49 2.02682e-17 8.92056e-18 0.0
3598.32 -3.31991e-17 8.92056e-18 0.0
3599.15 2.83432e-17 8.89257e-18 0.0
3599.98 2.32678e-17 8.86039e-18 0.0
3600.81 -1.80489e-17 8.86039e-18 0.0
3601.64 1.29434e-17 8.86039e-18 0.0
3602.47 8.37264e-17 8.86039e-18 0.0
3603.3 1.13217e-17 8.85619e-18 0.0
3604.13 1.21951e-16 8.86039e-18 0.0
3604.96 7.34845e-17 8.86039e-18 0.0
3605.79 3.06232e-17 8.85619e-18 0.0
3606.62 5.51946e-17 8.85619e-18 0.0
3607.45 1.61735e-18 8.86039e-18 0.0
3608.28 -6.44619e-17 8.86039e-18 0.0
3609.11 5.16122e-17 8.89257e-18 0.0
3609.94 2.64981e-17 8.92056e-18 0.0
3610.77 3.0882e-18 8.95068e-18 0.0
3611.6 7.67042e-18 8.95068e-18 0.0
3612.44 -5.99207e-17 8.92056e-18 0.0
3613.27 -4.76448e-18 8.95068e-18 0.0
3614.1 2.40694e-17 8.92056e-18 0.0
3614.93 2.85221e-17 8.95068e-18 0.0
3615.76 4.54616e-17 8.95068e-18 0.0
3616.6 5.8628e-17 8.92056e-18 0.0
3617.43 4.88616e-17 8.95068e-18 0.0
3618.26 6.93186e-17 8.9808e-18 0.0
3619.09 -2.92958e-18 8.9808e-18 0.0
3619.93 -3.54593e-17 9.19175e-18 0.0
3620.76 -5.15341e-18 9.19175e-18 0.0
3621.6 4.81644e-17 8.9808e-18 0.0
3622.43 6.78525e-17 8.95068e-18 0.0
3623.26 1.82707e-18 8.89257e-18 0.0
3624.1 -2.53462e-17 8.89257e-18 0.0
3624.93 2.01901e-17 8.95068e-18 0.0
3625.77 1.1465e-17 8.95068e-18 0.0
3626.6 -2.04772e-17 8.95068e-18 0.0
3627.44 3.22815e-17 8.9808e-18 0.0
3628.27 1.16905e-17 8.95068e-18 0.0
3629.11 1.70052e-17 8.95068e-18 0.0
3629.95 -1.01502e-17 8.95068e-18 0.0
3630.78 -8.84202e-18 8.95068e-18 0.0
3631.62 2.28203e-17 8.9808e-18 0.0
3632.45 8.9808e-18 8.95068e-18 0.0
3633.29 -1.55318e-17 8.89257e-18 0.0
3634.13 6.60541e-18 8.95068e-18 0.0
3634.96 7.97163e-17 8.95068e-18 0.0
3635.8 4.58887e-17 8.89257e-18 0.0
3636.64 -2.82173e-17 8.95068e-18 0.0
3637.48 2.26539e-17 8.9808e-18 0.0
3638.31 -3.37082e-17 8.9808e-18 0.0
3639.15 6.13592e-17 9.06149e-18 0.0
3639.99 9.7281e-18 9.06149e-18 0.0
3640.83 -2.80182e-17 8.9808e-18 0.0
3641.67 8.85619e-18 8.9808e-18 0.0
3642.5 -2.04857e-17 8.9808e-18 0.0
3643.34 6.81132e-17 8.9808e-18 0.0
3644.18 3.94014e-17 8.9808e-18 0.0
3645.02 -4.63566e-17 8.9808e-18 0.0
3645.86 -1.7102e-17 8.95068e-18 0.0
3646.7 5.8231e-17 8.95068e-18 0.0
3647.54 1.06842e-18 8.95068e-18 0.0
3648.38 2.75129e-17 8.95068e-18 0.0
3649.22 8.65582e-18 8.95068e-18 0.0
3650.06 -6.90898e-19 8.89257e-18 0.0
3650.9 2.18435e-17 8.86039e-18 0.0
3651.74 2.37973e-17 8.86039e-18 0.0
3652.58 -1.01896e-17 8.85619e-18 0.0
3653.42 6.67108e-17 8.85619e-18 0.0
3654.26 3.88261e-17 8.85619e-18 0.0
3655.11 2.15844e-17 8.85619e-18 0.0
3655.95 2.06955e-17 8.85619e-18 0.0
3656.79 1.83852e-17 8.85619e-18 0.0
3657.63 4.14277e-17 8.85619e-18 0.0
3658.47 5.44302e-17 8.75601e-18 0.0
3659.32 4.4488e-17 8.75601e-18 0.0
3660.16 3.25939e-17 8.75601e-18 0.0
3661.0 1.79013e-17 8.75601e-18 0.0
3661.84 3.26751e-18 8.75601e-18 0.0
3662.69 1.50395e-18 8.75601e-18 0.0
3663.53 1.25786e-18 8.75601e-18 0.0
3664.37 1.36123e-17 8.85619e-18 0.0
3665.22 -2.91687e-17 8.85619e-18 0.0
3666.06 -3.68343e-17 8.75601e-18 0.0
3666.91 3.97371e-17 8.75601e-18 0.0
3667.75 8.04508e-17 8.85619e-18 0.0
3668.6 -2.27701e-17 8.86039e-18 0.0
3669.44 3.49658e-17 8.89257e-18 0.0
3670.29 2.14867e-17 8.89257e-18 0.0
3671.13 -1.71884e-17 8.86039e-18 0.0
3671.98 -9.87994e-18 8.86039e-18 0.0
3672.82 -3.28085e-17 8.75601e-18 0.0
3673.67 -4.06992e-19 8.75601e-18 0.0
3674.52 1.9403e-17 8.75601e-18 0.0
3675.36 -3.03147e-17 8.65508e-18 0.0
3676.21 -2.27394e-17 8.65508e-18 0.0
3677.05 5.33233e-17 8.75601e-18 0.0
3677.9 3.46616e-17 8.65508e-18 0.0
3678.75 7.84061e-18 8.65508e-18 0.0
3679.59 2.14055e-17 8.75601e-18 0.0
3680.44 -8.31029e-18 8.86039e-18 0.0
3681.29 -1.57089e-17 8.86039e-18 0.0
3682.14 1.26748e-17 8.86039e-18 0.0
3682.99 -1.30401e-17 8.75601e-18 0.0
3683.83 2.88317e-17 8.86039e-18 0.0
3684.68 -2.2121e-18 8.75601e-18 0.0
3685.53 -2.85621e-18 8.65508e-18 0.0
3686.38 1.6135e-17 8.65508e-18 0.0
3687.23 1.46289e-17 8.75601e-18 0.0
3688.08 2.24678e-17 8.75601e-18 0.0
3688.93 2.46985e-17 8.75601e-18 0.0
3689.78 9.84647e-18 8.75601e-18 0.0
3690.63 8.92056e-18 8.86039e-18 0.0
3691.48 8.65433e-18 8.86039e-18 0.0
3692.33 -7.85635e-18 8.75601e-18 0.0
3693.18 -1.50175e-17 8.75601e-18 0.0
3694.03 1.9699e-17 8.75601e-18 0.0
3694.88 7.18464e-19 8.75601e-18 0.0
3695.73 6.48927e-18 8.75601e-18 0.0
3696.58 9.42965e-18 8.65508e-18 0.0
3697.43 -6.38348e-18 8.65508e-18 0.0
3698.28 2.55275e-17 8.65508e-18 0.0
3699.13 2.08375e-17 8.75601e-18 0.0
3699.99 -4.11232e-18 8.86039e-18 0.0
3700.84 -1.72312e-17 8.86039e-18 0.0
3701.69 -2.52753e-17 8.86039e-18 0.0
3702.54 -2.16337e-17 8.89257e-18 0.0
3703.39 8.26469e-18 8.89257e-18 0.0
3704.25 -2.98675e-17 8.89257e-18 0.0
3705.1 2.68419e-17 8.89257e-18 0.0
3705.95 2.89627e-17 8.89257e-18 0.0
3706.81 3.28156e-19 8.89257e-18 0.0
3707.66 1.11765e-17 8.89257e-18 0.0
3708.51 -5.69632e-19 8.89257e-18 0.0
3709.37 -2.50829e-17 8.86039e-18 0.0
3710.22 -3.02944e-18 8.86039e-18 0.0
3711.08 1.97605e-17 8.75601e-18 0.0
3711.93 1.36376e-17 8.65508e-18 0.0
3712.79 -4.43449e-19 8.65508e-18 0.0
3713.64 5.08103e-18 8.61332e-18 0.0
3714.5 -2.66741e-17 8.65508e-18 0.0
3715.35 4.098e-18 8.75601e-18 0.0
3716.21 1.53764e-17 8.86039e-18 0.0
3717.06 9.40269e-18 8.86039e-18 0.0
3717.92 1.89175e-17 8.86039e-18 0.0
3718.78 7.59714e-18 8.89257e-18 0.0
3719.63 -1.4444e-17 8.89257e-18 0.0
3720.49 -2.96564e-17 8.95068e-18 0.0
3721.34 -1.05317e-17 9.06149e-18 0.0
3722.2 8.86458e-18 9.06149e-18 0.0
3723.06 2.67733e-18 9.17291e-18 0.0
3723.92 4.71335e-18 9.22125e-18 0.0
3724.77 -7.11692e-18 9.22125e-18 0.0
3725.63 -5.42425e-18 9.28087e-18 0.0
3726.49 -1.03518e-17 9.22125e-18 0.0
3727.35 -7.33553e-18 9.17291e-18 0.0
3728.21 8.57231e-18 9.22125e-18 0.0
3729.06 -8.3805e-19 9.17291e-18 0.0
3729.93 1.11271e-17 9.17291e-18 0.0
3730.78 2.96242e-17 9.06149e-18 0.0
3731.64 6.91541e-18 8.95068e-18 0.0
3732.5 -1.02701e-17 8.89257e-18 0.0
3733.36 1.07392e-17 8.86039e-18 0.0
3734.22 4.59786e-18 8.86039e-18 0.0
3735.08 3.38753e-17 8.86039e-18 0.0
3735.94 4.04882e-17 8.89257e-18 0.0
3736.8 3.4157e-17 8.89257e-18 0.0
3737.66 1.59365e-17 8.86039e-18 0.0
3738.52 8.13086e-19 8.86039e-18 0.0
3739.38 2.69497e-17 8.86039e-18 0.0
3740.25 2.15823e-18 8.86039e-18 0.0
3741.11 1.13798e-17 8.89257e-18 0.0
3741.97 1.225e-18 8.89257e-18 0.0
3742.83 -3.86166e-18 8.89257e-18 0.0
3743.69 2.66936e-17 8.89257e-18 0.0
3744.55 1.11431e-17 8.86039e-18 0.0
3745.41 -7.03759e-18 8.75601e-18 0.0
3746.28 2.37939e-17 8.75601e-18 0.0
3747.14 2.76609e-17 8.86039e-18 0.0
3748.0 8.22273e-18 8.86039e-18 0.0
3748.87 6.72513e-18 8.86039e-18 0.0
3749.73 -1.50353e-18 8.86039e-18 0.0
3750.59 1.86493e-17 8.75601e-18 0.0
3751.46 1.23095e-17 8.75601e-18 0.0
3752.32 5.20799e-18 8.75601e-18 0.0
3753.18 1.6354e-17 8.65508e-18 0.0
3754.05 2.32506e-17 8.65508e-18 0.0
3754.91 -3.454e-18 8.75601e-18 0.0
3755.78 -9.83667e-18 8.65508e-18 0.0
3756.64 -1.57353e-17 8.61332e-18 0.0
3757.51 9.53912e-18 8.55244e-18 0.0
3758.37 2.95022e-17 8.55244e-18 0.0
3759.24 5.98949e-18 8.61332e-18 0.0
3760.11 4.16789e-18 8.61332e-18 0.0
3760.97 1.66751e-17 8.61332e-18 0.0
3761.84 7.45956e-18 8.61332e-18 0.0
3762.7 6.65543e-19 8.65508e-18 0.0
3763.57 9.14219e-18 8.65508e-18 0.0
3764.44 1.42452e-17 8.61332e-18 0.0
3765.3 1.29625e-18 8.61332e-18 0.0
3766.17 2.25331e-17 8.55244e-18 0.0
3767.04 1.35291e-17 8.61332e-18 0.0
3767.91 -1.00483e-17 8.61332e-18 0.0
3768.77 -9.23262e-18 8.61332e-18 0.0
3769.64 1.72646e-17 8.65508e-18 0.0
3770.51 1.90094e-17 8.61332e-18 0.0
3771.38 -3.7235e-18 8.65508e-18 0.0
3772.25 -1.45396e-18 8.61332e-18 0.0
3773.11 5.74432e-18 8.61332e-18 0.0
3773.98 4.7274e-18 8.65508e-18 0.0
3774.85 2.73471e-18 8.65508e-18 0.0
3775.72 1.41532e-18 8.65508e-18 0.0
3776.59 2.19069e-17 8.65508e-18 0.0
3777.46 5.2868e-20 8.65508e-18 0.0
3778.33 -5.57397e-18 8.75946e-18 0.0
3779.2 9.20363e-18 8.75946e-18 0.0
3780.07 5.00742e-18 8.61332e-18 0.0
3780.94 1.3208e-17 8.55244e-18 0.0
3781.81 9.32285e-18 8.61332e-18 0.0
3782.68 1.417e-17 8.55244e-18 0.0
3783.55 1.86513e-17 8.39863e-18 0.0
3784.43 9.76111e-18 8.36168e-18 0.0
3785.3 -5.02506e-18 8.24371e-18 0.0
3786.17 2.6251e-18 8.19523e-18 0.0
3787.04 2.55953e-17 8.01937e-18 0.0
3787.91 9.63652e-19 7.8558e-18 0.0
3788.79 2.42362e-18 7.8558e-18 0.0
3789.66 1.78143e-17 7.8558e-18 0.0
3790.53 -5.54737e-18 7.77375e-18 0.0
3791.4 1.93432e-17 7.8558e-18 0.0
3792.28 1.65098e-17 8.01937e-18 0.0
3793.15 -1.18417e-19 8.19523e-18 0.0
3794.02 1.84606e-18 8.19523e-18 0.0
3794.9 1.20112e-17 8.19523e-18 0.0
3795.77 1.21952e-17 8.19523e-18 0.0
3796.65 3.38322e-17 8.19523e-18 0.0
3797.52 1.81652e-17 8.19523e-18 0.0
3798.39 1.25708e-17 8.24371e-18 0.0
3799.27 2.85357e-18 8.24371e-18 0.0
3800.14 -9.54961e-18 8.24371e-18 0.0
3801.02 -3.91636e-18 8.36168e-18 0.0
3801.89 -2.68779e-18 8.36168e-18 0.0
3802.77 1.7151e-17 8.49562e-18 0.0
3803.64 -5.35758e-18 8.55244e-18 0.0
3804.52 -4.44459e-18 8.49562e-18 0.0
3805.4 1.85012e-17 8.55244e-18 0.0
3806.27 8.16774e-18 8.55244e-18 0.0
3807.15 2.63067e-17 8.55244e-18 0.0
3808.03 1.46662e-17 8.49562e-18 0.0
3808.9 1.3076e-17 8.55244e-18 0.0
3809.78 2.03894e-17 8.55244e-18 0.0
3810.66 1.55232e-17 8.61332e-18 0.0
3811.54 1.20176e-18 8.69229e-18 0.0
3812.41 1.18873e-17 8.61332e-18 0.0
3813.29 -1.32527e-18 8.69229e-18 0.0
3814.17 -1.44215e-18 8.69229e-18 0.0
3815.05 6.2986e-18 8.79741e-18 0.0
3815.93 1.2835e-17 8.89257e-18 0.0
3816.81 1.94015e-17 8.89257e-18 0.0
3817.68 9.87294e-18 8.89257e-18 0.0
3818.56 -3.22029e-18 8.89257e-18 0.0
3819.44 9.94165e-18 8.89257e-18 0.0
3820.32 6.56259e-18 8.89257e-18 0.0
3821.2 -5.53522e-18 8.94542e-18 0.0
3822.08 1.6492e-17 9.08422e-18 0.0
3822.96 1.27767e-17 9.08422e-18 0.0
3823.84 1.61757e-17 9.17291e-18 0.0
3824.72 1.5054e-17 9.17291e-18 0.0
3825.6 3.73988e-18 9.21254e-18 0.0
3826.48 -6.00096e-18 9.23017e-18 0.0
3827.37 1.21618e-18 9.21254e-18 0.0
3828.25 1.65551e-17 9.21254e-18 0.0
3829.13 1.38316e-17 9.17291e-18 0.0
3830.01 1.2893e-17 9.08422e-18 0.0
3830.89 2.30159e-17 9.08422e-18 0.0
3831.78 2.1447e-17 9.08422e-18 0.0
3832.66 -3.67585e-18 9.17291e-18 0.0
3833.54 1.12335e-17 9.21254e-18 0.0
3834.42 1.65895e-17 9.23017e-18 0.0
3835.31 2.24127e-17 9.23017e-18 0.0
3836.19 2.90842e-17 9.21254e-18 0.0
3837.07 2.72012e-17 9.21254e-18 0.0
3837.96 1.18496e-17 9.21254e-18 0.0
3838.84 -6.7401e-18 9.17291e-18 0.0
3839.72 1.08307e-18 9.17291e-18 0.0
3840.61 3.5591e-18 9.21254e-18 0.0
3841.49 9.26472e-20 9.23017e-18 0.0
3842.38 1.3623e-18 9.21254e-18 0.0
3843.26 7.871e-18 9.21254e-18 0.0
3844.15 1.66704e-17 9.21254e-18 0.0
3845.03 1.66015e-17 9.21254e-18 0.0
3845.92 1.13381e-17 9.21254e-18 0.0
3846.8 7.70689e-18 9.21254e-18 0.0
3847.69 8.53257e-18 9.17291e-18 0.0
3848.58 9.23888e-18 9.17291e-18 0.0
3849.46 3.86065e-18 9.08422e-18 0.0
3850.35 2.28507e-17 9.08422e-18 0.0
3851.23 1.13423e-17 9.08422e-18 0.0
3852.12 -6.63916e-19 9.17291e-18 0.0
3853.01 1.27493e-17 9.17291e-18 0.0
3853.9 2.00796e-17 9.21254e-18 0.0
3854.78 1.15675e-17 9.21254e-18 0.0
3855.67 1.29029e-17 9.21254e-18 0.0
3856.56 3.29064e-18 9.23017e-18 0.0
3857.45 2.92385e-18 9.23017e-18 0.0
3858.34 1.32191e-17 9.23017e-18 0.0
3859.22 5.3293e-18 9.23017e-18 0.0
3860.11 1.02934e-17 9.23017e-18 0.0
3861.0 3.35315e-18 9.23017e-18 0.0
3861.89 6.40322e-18 9.21254e-18 0.0
3862.78 5.30328e-18 9.21254e-18 0.0
3863.67 1.6094e-18 9.23017e-18 0.0
3864.56 1.44425e-17 9.27162e-18 0.0
3865.45 -8.77473e-18 9.27162e-18 0.0
3866.34 2.00059e-17 9.30627e-18 0.0
3867.23 9.49161e-18 9.30627e-18 0.0
3868.12 -1.08263e-17 9.30627e-18 0.0
3869.01 1.10898e-18 9.27162e-18 0.0
3869.9 6.2586e-18 9.23017e-18 0.0
3870.79 2.92403e-18 9.27162e-18 0.0
3871.68 2.85315e-17 9.27162e-18 0.0
3872.58 1.75197e-17 9.30627e-18 0.0
3873.47 1.34661e-17 9.30627e-18 0.0
3874.36 2.42992e-17 9.30627e-18 0.0
3875.25 -1.70555e-17 9.30627e-18 0.0
3876.14 -3.63772e-18 9.30627e-18 0.0
3877.04 1.66053e-17 9.30627e-18 0.0
3877.93 1.1837e-17 9.30627e-18 0.0
3878.82 -9.41852e-19 9.27162e-18 0.0
3879.72 6.12411e-18 9.23017e-18 0.0
3880.61 2.58595e-17 9.27162e-18 0.0
3881.5 1.96745e-18 9.27162e-18 0.0
3882.4 -5.46303e-18 9.27162e-18 0.0
3883.29 -8.50758e-18 9.23017e-18 0.0
3884.19 -5.42254e-18 9.21254e-18 0.0
3885.08 1.02592e-17 9.21254e-18 0.0
3885.97 1.90388e-17 9.21254e-18 0.0
3886.87 -6.65835e-18 9.17291e-18 0.0
3887.76 -3.90709e-18 9.17291e-18 0.0
3888.66 -3.53041e-18 9.17291e-18 0.0
3889.56 -2.60086e-18 9.17291e-18 0.0
3890.45 1.04199e-17 9.12703e-18 0.0
3891.35 1.59064e-17 9.12703e-18 0.0
3892.24 9.46363e-18 9.17291e-18 0.0
3893.14 5.2337e-18 9.17291e-18 0.0
3894.04 1.10704e-17 9.12703e-18 0.0
3894.93 1.34278e-17 9.17291e-18 0.0
3895.83 7.17616e-18 9.21254e-18 0.0
3896.73 4.80117e-18 9.23017e-18 0.0
3897.62 -8.22283e-18 9.21254e-18 0.0
3898.52 2.19366e-17 9.23017e-18 0.0
3899.42 2.2255e-17 9.23017e-18 0.0
3900.32 1.23285e-17 9.21254e-18 0.0
3901.22 2.05278e-17 9.21254e-18 0.0
3902.11 5.17642e-18 9.21254e-18 0.0
3903.01 1.38199e-17 9.15774e-18 0.0
3903.91 7.7016e-18 9.07258e-18 0.0
3904.81 1.73148e-17 9.07258e-18 0.0
3905.71 1.86313e-17 9.07258e-18 0.0
3906.61 1.70568e-18 9.07258e-18 0.0
3907.51 1.50622e-17 9.07258e-18 0.0
3908.41 2.91411e-18 9.07258e-18 0.0
3909.31 2.52319e-17 9.15774e-18 0.0
3910.21 2.1232e-17 9.15774e-18 0.0
3911.11 2.83003e-18 9.15774e-18 0.0
3912.01 3.54321e-18 9.21254e-18 0.0
3912.91 1.81999e-18 9.16666e-18 0.0
3913.81 2.67507e-17 9.16666e-18 0.0
3914.71 7.03846e-18 9.07258e-18 0.0
3915.61 8.34891e-19 9.07258e-18 0.0
3916.52 8.45867e-18 9.07258e-18 0.0
3917.42 2.84123e-18 9.07258e-18 0.0
3918.32 4.10238e-18 9.02977e-18 0.0
3919.22 2.868e-18 9.07258e-18 0.0
3920.13 -1.18124e-18 9.16666e-18 0.0
3921.03 9.02626e-18 9.07258e-18 0.0
3921.93 1.54837e-17 9.07258e-18 0.0
3922.83 5.92139e-18 9.16666e-18 0.0
3923.74 9.30819e-18 9.07258e-18 0.0
3924.64 1.22411e-17 9.07258e-18 0.0
3925.55 1.21149e-17 9.02977e-18 0.0
3926.45 1.11566e-17 9.02977e-18 0.0
3927.35 5.50607e-18 9.07258e-18 0.0
3928.26 -5.4755e-19 9.16666e-18 0.0
3929.16 9.22145e-18 9.07258e-18 0.0
3930.07 1.47454e-17 9.07258e-18 0.0
3930.97 1.75827e-17 9.07258e-18 0.0
3931.88 1.25107e-17 9.02977e-18 0.0
3932.78 1.13508e-17 8.93843e-18 0.0
3933.69 1.51262e-17 9.02977e-18 0.0
3934.59 1.84836e-18 9.02977e-18 0.0
3935.5 1.65382e-17 9.02977e-18 0.0
3936.41 8.73024e-18 9.02977e-18 0.0
3937.31 7.9896e-18 8.93843e-18 0.0
3938.22 1.00856e-17 8.93843e-18 0.0
3939.13 3.44548e-18 8.93843e-18 0.0
3940.03 1.81724e-17 8.93843e-18 0.0
3940.94 2.63596e-18 8.93843e-18 0.0
3941.85 1.36931e-17 8.82981e-18 0.0
3942.76 1.14387e-17 8.76962e-18 0.0
3943.67 1.02427e-17 8.6314e-18 0.0
3944.57 2.60129e-17 8.6314e-18 0.0
3945.48 -5.21702e-20 8.49562e-18 0.0
3946.39 2.07283e-17 8.49562e-18 0.0
3947.3 2.03284e-17 8.34808e-18 0.0
3948.21 2.83229e-17 8.34808e-18 0.0
3949.12 3.53266e-17 8.49562e-18 0.0
3950.03 1.88409e-17 8.6314e-18 0.0
3950.94 2.12501e-17 8.6314e-18 0.0
3951.85 1.52987e-17 8.6314e-18 0.0
3952.76 2.48527e-17 8.6314e-18 0.0
3953.67 2.67284e-17 8.6314e-18 0.0
3954.58 2.39875e-17 8.49562e-18 0.0
3955.49 2.58985e-17 8.6314e-18 0.0
3956.4 7.03377e-18 8.76962e-18 0.0
3957.31 1.06214e-17 8.6314e-18 0.0
3958.22 1.11512e-17 8.6314e-18 0.0
3959.13 1.04513e-17 8.6314e-18 0.0
3960.04 9.30435e-18 8.49562e-18 0.0
3960.96 8.1577e-18 8.6314e-18 0.0
3961.87 7.01133e-18 8.6314e-18 0.0
3962.78 5.86523e-18 8.76962e-18 0.0
3963.69 4.71941e-18 8.6314e-18 0.0
3964.61 3.57387e-18 8.49562e-18 0.0
3965.52 2.4286e-18 8.34808e-18 0.0
3966.43 1.05855e-17 8.19759e-18 0.0
3967.35 1.22363e-17 8.19759e-18 0.0
3968.26 1.1442e-17 8.34808e-18 0.0
3969.17 6.07187e-18 8.19759e-18 0.0
3970.09 5.9236e-18 8.14236e-18 0.0
3971.0 1.33723e-17 8.14236e-18 0.0
3971.92 7.33664e-18 8.14236e-18 0.0
3972.83 8.80901e-18 8.10394e-18 0.0
3973.75 1.59958e-18 8.10394e-18 0.0
3974.66 9.63787e-18 8.14236e-18 0.0
3975.58 1.5723e-17 8.14236e-18 0.0
3976.49 4.52317e-18 8.14236e-18 0.0
3977.41 1.66812e-17 8.19759e-18 0.0
3978.32 6.06124e-18 8.3172e-18 0.0
3979.24 -4.96337e-18 8.42779e-18 0.0
